4145
4145 events for: 100 by 400
0	8038	65	42
0	3	87	30
0	92	49	74
0	0	80	38
0	0	38	70
0	0	6	32
0	0	99	29
0	0	93	63
0	4	63	85
0	0	45	57
0	0	47	65
0	264	103	32
0	3	36	46
0	190	111	88
0	1	11	22
0	10	91	60
0	8	111	70
0	4	104	12
0	1	101	41
0	1042	124	70
0	0	113	35
0	0	104	65
0	0	51	53
0	0	42	24
0	3	118	44
0	0	118	57
0	0	8	75
0	0	45	75
0	5	8	68
0	0	5	79
0	1	39	79
0	2	79	53
0	1	65	69
0	0	101	1
0	1	68	41
0	0	112	92
0	1	121	29
0	2	117	87
0	0	93	90
0	1	50	79
0	4	12	29
0	0	28	77
0	21	28	21
0	57	30	5
0	0	23	3
0	0	137	58
0	1	120	84
0	2	98	46
0	0	93	93
0	0	17	83
0	38	69	69
0	4	33	54
0	1	97	32
0	0	27	23
0	1	72	28
0	0	108	27
0	11	150	70
0	1	101	79
0	0	72	96
0	0	99	14
0	0	0	91
0	8	115	85
0	6	3	6
0	53	1	5
0	0	2	8
0	0	34	83
0	4	126	34
0	0	114	77
0	2	50	78
0	2	127	97
0	9	99	52
0	0	100	55
0	1	128	55
0	2	93	76
0	0	104	66
0	2	78	99
0	5	127	37
0	0	50	48
0	25	109	79
0	0	46	83
0	1	4	26
0	0	1	93
0	3	47	22
0	2	96	8
0	21	90	18
0	2	114	2
0	0	81	40
0	0	78	33
0	13	122	62
0	0	143	54
0	0	74	28
0	1	109	15
0	0	114	52
0	314	77	14
0	0	89	10
0	1	77	6
0	1	64	9
0	1	92	5
0	0	82	2
0	1	81	10
0	0	32	96
0	5	116	28
0	34	152	73
0	24	62	28
0	7	63	23
0	1	121	70
0	1	82	57
0	0	123	31
0	0	104	1
0	7	69	98
0	9	2	70
0	0	3	71
0	0	118	31
0	0	96	53
0	1	36	9
0	6	56	18
0	11	117	49
0	30	90	44
0	16	92	45
0	10	84	13
0	15	81	12
0	11	109	27
0	1	62	38
0	0	79	9
0	1	148	76
0	0	131	98
0	1	62	22
0	0	64	57
0	12	62	29
0	0	71	43
0	16	129	48
0	0	79	66
0	8	97	89
0	0	61	77
0	2	103	68
0	0	138	68
0	1	126	41
0	394	139	87
0	148	158	94
0	0	163	95
0	505	170	92
0	0	184	89
0	894	200	92
0	0	215	60
0	5	235	74
0	21	253	77
0	11213	253	70
0	22	375	70
0	0	323	79
0	0	388	72
0	0	317	38
0	1	229	55
0	0	279	17
0	0	249	3
0	5	391	0
0	10	316	41
0	2	268	10
0	9	323	63
0	123	368	21
0	1	369	61
0	2	256	46
0	50	335	18
0	0	343	54
0	1	347	52
0	2	312	85
0	1	364	15
0	1	294	43
0	237	342	85
0	0	295	23
0	2	311	2
0	15	308	45
0	6	319	73
0	1	249	31
0	809	289	80
0	34	269	64
0	4	286	94
0	1	270	96
0	932	216	64
0	0	200	68
0	2	208	61
0	0	215	80
0	7	260	22
0	0	391	33
0	9	347	98
0	6	352	2
0	0	293	32
0	7	338	33
0	1	292	78
0	0	352	44
0	0	171	82
0	70	258	80
0	1	262	52
0	1	195	66
0	1	342	86
0	0	306	67
0	0	183	72
0	1	350	11
0	1	213	80
0	0	242	76
0	25	273	3
0	0	285	30
0	8	250	57
0	0	336	70
0	0	313	54
0	0	395	12
0	58	362	34
0	6	373	35
0	1	255	19
0	0	320	90
0	0	351	29
0	0	330	81
0	6	354	79
0	7	315	58
0	2	316	57
0	10	265	26
0	14	269	23
0	1	281	62
0	3	204	53
0	4	368	36
0	2	365	47
0	5	204	82
0	55	302	37
0	19	300	33
0	0	321	35
0	11	212	96
0	0	207	84
0	3	278	43
0	2	382	13
0	0	343	12
0	0	315	25
0	3	292	11
0	2	292	14
0	18	320	68
0	13	343	39
0	0	386	5
0	2	278	10
0	63	188	47
0	2	179	45
0	0	266	0
0	0	364	5
0	0	304	47
0	24	296	94
0	0	298	22
0	2	361	30
0	29	288	94
0	0	282	68
0	3	281	68
0	5	280	8
0	0	301	89
0	26	227	96
0	0	231	96
0	1	364	14
0	8	196	76
0	7	340	39
0	5	395	22
0	36	396	26
0	0	394	26
0	0	372	55
0	0	270	23
0	2	300	78
0	5	336	85
0	0	336	84
0	18	260	62
0	1	353	5
0	3	193	75
0	141	361	88
0	1	354	88
0	3	312	72
0	3	314	72
0	0	379	84
0	0	188	67
0	0	245	19
0	0	276	7
0	5	211	91
0	0	364	64
0	2	295	89
0	0	337	77
0	46	265	87
0	0	339	0
0	6	377	67
0	0	267	58
0	1	254	25
0	3	277	56
0	0	362	68
0	6	357	34
0	6	386	2
0	0	275	38
0	0	257	22
0	1	191	99
0	0	374	45
0	0	260	73
0	0	380	48
0	4	304	92
0	0	243	43
0	4	179	95
0	5	338	37
0	0	337	39
0	4	259	91
0	0	175	97
0	37	158	78
0	0	153	78
0	1	153	75
0	20	394	4
0	8	253	53
0	341	228	50
0	2	221	33
0	1	229	35
0	1	224	31
0	4	214	70
0	0	246	51
0	0	352	90
0	25	375	84
0	0	356	53
0	1	215	74
0	1	382	27
0	31	384	59
0	5	333	1
0	2	330	0
0	23	217	66
0	0	220	69
0	40	146	82
0	1	147	85
0	3	306	75
0	1	292	47
0	2	245	47
0	0	246	47
0	0	283	14
0	0	255	12
0	0	312	45
0	2	287	27
0	0	366	97
0	0	189	71
0	0	259	54
0	0	258	54
0	5	224	78
0	236	235	14
0	0	236	2
0	0	238	8
0	0	234	10
0	0	360	97
0	0	150	72
0	4	369	2
0	1	88	62
0	2	361	83
0	1	362	29
0	10	376	77
0	4	295	32
0	0	21	17
0	2	133	81
0	1	26	84
0	0	99	48
0	0	304	0
0	1	51	4
0	1	241	77
0	0	378	96
0	1	387	16
0	1	197	67
0	1	232	16
0	2	9	93
0	0	303	66
0	0	284	50
0	1	236	5
0	9	232	80
0	0	87	53
0	0	75	88
0	10	110	73
0	0	371	12
0	1	369	52
0	0	232	39
0	2	180	80
0	0	265	51
0	2	95	19
0	8	297	27
0	0	156	95
0	18	53	73
0	0	87	0
0	0	219	92
0	0	351	58
0	0	199	80
0	1	123	87
0	3	316	67
0	0	23	89
0	0	204	54
0	0	66	69
0	0	26	11
0	0	215	69
0	0	57	62
0	1	367	33
0	3	228	15
0	8	304	14
0	0	343	53
0	1	391	43
0	76	14	66
0	1	23	0
0	0	94	82
0	2	286	48
0	0	288	49
0	2	288	50
0	11	117	35
0	0	231	8
0	0	77	82
0	0	54	9
0	1	272	38
0	0	357	29
0	1	216	41
0	21	215	42
0	80	213	44
0	4	205	44
0	0	286	92
0	3	369	18
0	2	22	23
0	2	105	65
0	0	222	29
0	2	318	42
0	15	197	97
0	22	122	67
0	17	42	95
0	1	396	54
0	0	12	99
0	2	13	99
0	1	377	13
0	1	150	85
0	3	332	55
0	0	15	15
0	0	302	10
0	8	16	71
0	0	19	74
0	0	107	52
0	2	40	69
0	1	18	72
0	0	83	39
0	18	127	72
0	2	125	73
0	0	375	19
0	1	66	79
0	0	216	81
0	4	216	82
0	0	63	83
0	1	86	96
0	0	386	67
0	0	44	10
0	2	303	47
0	7	303	48
0	0	190	94
0	0	22	8
0	2	398	48
0	0	240	74
0	0	391	31
0	0	272	5
0	2	350	99
0	0	349	35
0	0	235	4
0	559	3	34
0	0	23	39
0	0	10	55
0	212	23	37
0	0	28	38
0	0	6	52
0	4	21	36
0	7	11	44
0	0	102	33
0	0	373	52
0	0	117	41
0	4	98	54
0	2	56	7
0	0	283	38
0	0	333	90
0	1	204	48
0	0	131	58
0	0	195	73
0	1	394	12
0	0	242	80
0	0	249	45
0	0	297	12
0	3258	149	66
0	0	142	11
0	1	170	2
0	0	142	22
0	0	197	35
0	0	150	29
0	11	144	23
0	23	147	35
0	0	155	55
0	1	152	35
0	26	180	18
0	0	181	12
0	13	175	32
0	1	182	27
0	0	173	35
0	0	133	18
0	0	168	32
0	0	182	20
0	5	189	4
0	1	115	15
0	0	146	37
0	0	189	17
0	1	124	26
0	0	156	19
0	2	177	0
0	0	178	1
0	2	176	10
0	0	177	3
0	3	196	12
0	0	142	9
0	2	147	9
0	6	136	20
0	0	165	29
0	0	164	12
0	0	127	13
0	0	145	39
0	13	162	2
0	2	192	41
0	0	196	13
0	717	197	13
0	0	217	25
0	0	211	19
0	0	208	12
0	3	216	24
0	32	216	34
0	0	211	38
0	34	223	22
0	8	227	21
0	15	224	28
0	0	219	31
0	0	223	5
0	1	198	8
0	10	229	5
0	0	218	23
0	4	197	16
0	0	166	28
0	1	208	30
0	5	183	16
0	52	201	38
0	23	197	20
0	3	160	52
0	0	149	18
0	0	200	46
0	0	224	11
0	1	193	24
0	5	166	25
0	0	162	56
0	0	208	21
0	0	194	19
0	1	197	65
0	0	180	2
0	1	104	63
0	1	325	36
0	0	89	63
0	0	87	5
0	14	72	2
0	0	231	78
0	0	299	69
0	0	147	63
0	2	17	65
0	1	72	5
0	0	203	28
0	0	148	65
0	19	55	35
0	5	62	33
0	17	193	2
0	2	190	1
0	9	381	96
0	1	382	99
0	0	242	84
0	1	304	20
0	3	88	47
0	1	385	6
0	0	384	78
0	1	162	98
0	4	297	95
0	0	299	93
0	0	299	17
0	0	276	82
0	3	220	35
0	3	219	35
0	0	75	87
0	28	364	3
0	0	36	48
0	0	191	58
0	0	329	20
0	3	329	43
0	7	102	26
0	0	144	27
0	0	325	85
0	1	358	32
0	0	109	40
0	93	18	35
0	0	18	29
0	61	17	28
0	5	8	38
0	6	25	27
0	4	10	36
0	1	16	31
0	1	38	21
0	0	45	65
0	0	5	10
0	3	282	8
0	0	178	10
0	0	186	47
0	1	114	0
0	27	348	73
0	29	347	75
0	12	391	34
0	0	243	78
0	2	183	24
0	2	356	23
0	0	75	86
0	0	263	51
0	0	183	93
0	0	153	52
0	1	328	17
0	0	128	92
0	0	143	48
0	153	154	62
0	234	170	66
0	1	180	78
0	1	168	73
0	0	182	78
0	1	173	70
0	0	174	71
0	0	175	77
0	1	175	75
0	40	167	72
0	47	164	74
0	1	162	74
0	0	165	71
0	0	176	6
0	0	327	37
0	13	160	28
0	3	39	6
0	0	70	77
0	0	78	28
0	5	30	11
0	0	40	11
0	0	41	11
0	0	27	11
0	1	104	24
0	7	65	9
0	0	132	30
0	8	109	49
0	1	108	51
0	1	130	35
0	1	1	89
0	0	249	39
0	0	35	24
0	1	34	24
0	4	6	36
0	1	341	2
0	32	354	28
0	3	262	49
0	3	316	55
0	2	316	54
0	0	138	25
0	15	183	45
0	0	180	48
0	7	179	48
0	2	184	51
0	6	184	53
0	0	294	7
0	0	304	45
0	1	197	3
0	0	203	64
0	2	118	46
0	0	202	59
0	1	295	91
0	0	237	71
0	0	142	10
0	0	277	47
0	0	74	42
0	0	253	62
0	3	357	68
0	3	244	6
0	0	265	92
0	1	130	98
0	2	37	23
0	1	366	5
0	1	367	6
0	4	206	38
0	0	41	26
0	0	183	67
0	0	225	19
0	0	97	78
0	2	208	22
0	0	97	29
0	0	259	55
0	9	319	55
0	0	35	7
0	0	250	39
0	3	56	15
0	3	274	2
0	1	301	59
0	1	138	72
0	1	219	36
0	1	71	53
0	0	361	82
0	5	227	67
0	5	206	19
0	0	281	6
0	0	152	32
0	3	178	30
0	2	226	22
0	7	339	68
0	0	153	12
0	0	96	55
0	0	338	51
0	0	217	77
0	1	52	67
0	5	50	67
0	0	51	66
0	0	286	97
0	0	355	51
0	1	50	25
0	15	60	6
0	1	71	81
0	2	269	46
0	0	267	7
0	1	128	95
0	1	212	13
0	0	212	11
0	30	393	74
0	1	158	61
0	2	248	26
0	27	247	26
0	0	225	99
0	1	252	52
0	0	318	95
0	14	277	73
0	0	248	18
0	13	122	10
0	2	282	25
0	0	107	6
0	7	164	87
0	0	77	16
0	2	13	59
0	0	21	47
0	0	333	27
0	17	334	27
0	6	250	15
0	0	186	21
0	1	328	41
0	36	229	26
0	0	234	26
0	118	234	25
0	0	236	30
0	0	325	75
0	0	320	48
0	0	6	33
0	0	7	33
0	0	220	45
0	0	335	33
0	2	202	35
0	0	118	97
0	0	38	15
0	0	154	79
0	4	190	31
0	4	212	39
0	0	21	0
0	1	270	17
0	0	155	15
0	2	370	27
0	0	369	26
0	0	324	30
0	0	220	83
0	5	55	66
0	0	65	28
0	3	270	50
0	3	127	49
0	0	343	99
0	1	52	90
0	0	124	74
0	13	207	34
0	20	107	88
0	1	350	89
0	1	380	39
0	0	81	93
0	0	244	28
0	0	389	1
0	0	364	31
0	0	105	18
0	0	376	97
0	5	344	79
0	0	86	50
0	5	269	49
0	1	196	44
0	0	259	82
0	1	58	8
0	0	207	39
0	0	395	13
0	2	179	36
0	5	160	80
0	4	323	30
0	0	100	89
0	1	160	43
0	2	331	90
0	0	331	91
0	0	61	32
0	0	319	65
0	0	41	60
0	0	83	52
0	4	219	76
0	1	9	78
0	18	380	76
0	0	231	71
0	2	139	37
0	0	3	26
0	1	278	26
0	5	158	6
0	1	36	80
0	0	75	65
0	1	396	37
0	0	43	93
0	59	328	16
0	0	325	14
0	1	269	87
0	0	58	70
0	0	302	19
0	56	140	64
0	0	139	65
0	0	214	65
0	0	313	5
0	0	247	25
0	0	124	73
0	58	192	84
0	0	186	81
0	1	193	78
0	4	184	79
0	1	300	8
0	0	74	29
0	12	183	81
0	0	369	5
0	0	327	43
0	0	299	82
0	0	380	53
0	0	353	9
0	6	104	79
0	1	164	22
0	0	166	79
0	0	206	56
0	1	382	68
0	10	397	51
0	3	354	87
0	0	322	61
0	2	113	70
0	0	374	86
0	0	345	97
0	0	332	69
0	0	348	51
0	0	105	67
0	0	305	81
0	0	100	50
0	0	15	76
0	1	371	5
0	1	337	23
0	2	231	33
0	0	288	90
0	0	130	72
0	0	101	68
0	2	4	69
0	1	19	86
0	1	376	48
0	4	363	74
0	0	309	2
0	1	145	35
0	0	144	34
0	2	118	93
0	1	117	94
0	50	14	7
0	0	10	2
0	0	370	89
0	10	144	12
0	0	210	98
0	0	18	27
0	0	324	17
0	31	288	3
0	4	288	1
0	10	184	55
0	12	183	58
0	0	180	61
0	12	181	57
0	35	180	53
0	16	176	57
0	0	180	52
0	0	53	66
0	22	24	74
0	99	26	69
0	0	29	73
0	0	21	66
0	0	21	65
0	5	31	71
0	1	393	21
0	8	129	87
0	30	291	57
0	0	112	61
0	6	111	61
0	0	358	54
0	1	238	50
0	0	13	87
0	0	38	80
0	0	127	19
0	0	138	9
0	0	139	8
0	0	143	93
0	3	194	40
0	6	342	63
0	0	325	69
0	11	162	29
0	0	163	25
0	0	324	76
0	0	281	21
0	0	80	65
0	0	235	30
0	19	317	1
0	1	317	3
0	0	253	57
0	0	181	46
0	19	106	7
0	1	136	61
0	0	385	5
0	0	93	15
0	5	374	81
0	7	156	9
0	0	44	66
0	0	340	36
0	11	272	47
0	0	123	38
0	187	243	87
0	0	243	92
0	17	253	97
0	4	244	90
0	0	109	13
0	1	41	56
0	0	196	55
0	0	16	72
0	1	85	70
0	2	276	6
0	4	77	1
0	1	213	96
0	0	243	55
0	0	241	60
0	1	44	19
0	1	177	57
0	1	379	27
0	2	36	57
0	9	71	65
0	0	127	84
0	2	296	86
0	2	356	55
0	4	113	28
0	6	128	28
0	16	393	82
0	0	263	2
0	0	374	66
0	4	389	16
0	0	368	86
0	0	262	24
0	0	284	81
0	0	363	92
0	4	8	8
0	1	65	95
0	2	216	59
0	0	170	24
0	0	49	90
0	0	168	13
0	2	365	9
0	1	232	17
0	0	120	12
0	4	139	90
0	0	73	64
0	2	146	12
0	1	133	15
0	5	65	25
0	0	328	62
0	0	325	70
0	0	259	56
0	0	338	83
0	1	207	23
0	0	207	24
0	12	208	24
0	0	309	59
0	0	373	5
0	3	135	48
0	0	237	3
0	1	136	63
0	0	75	29
0	0	215	8
0	2	159	79
0	0	83	15
0	0	75	64
0	0	54	90
0	1	25	82
0	0	230	57
0	0	243	17
0	0	264	18
0	0	216	92
0	1	229	62
0	0	369	53
0	1	42	94
0	1	165	27
0	0	232	1
0	0	41	37
0	1	345	59
0	0	344	54
0	3	243	63
0	0	181	65
0	0	7	37
0	1	15	70
0	2	378	54
0	1	242	17
0	2	311	48
0	0	312	47
0	5	313	47
0	4	250	27
0	2	266	13
0	0	203	27
0	2	180	13
0	0	51	32
0	0	19	57
0	0	179	7
0	0	360	96
0	0	58	21
0	0	270	1
0	0	326	35
0	3	280	30
0	0	220	30
0	0	142	31
0	2	281	29
0	0	154	45
0	0	272	72
0	0	322	15
0	0	323	15
0	1	387	80
0	6	157	81
0	0	153	80
0	0	153	81
0	3	154	81
0	0	152	42
0	0	243	48
0	0	118	55
0	0	241	13
0	0	71	84
0	0	124	96
0	1	189	22
0	0	140	70
0	1	371	37
0	123	121	8
0	13	131	3
0	1	355	65
0	0	288	80
0	0	344	11
0	3	251	80
0	18	161	70
0	5	159	70
0	13	160	67
0	0	24	12
0	1	147	64
0	1	235	6
0	5	106	51
0	0	140	83
0	0	140	84
0	1	382	20
0	4	80	5
0	0	162	65
0	0	375	41
0	7	174	60
0	0	205	58
0	0	340	66
0	19	109	55
0	0	188	10
0	0	66	7
0	0	240	76
0	0	178	68
0	2	305	69
0	0	303	29
0	0	233	9
0	25	279	12
0	0	275	13
0	0	281	10
0	0	235	78
0	0	21	98
0	0	276	93
0	85	254	94
0	0	268	98
0	2	259	94
0	0	270	95
0	27	373	4
0	0	376	4
0	1	381	4
0	0	190	58
0	17	161	0
0	3	155	0
0	1	292	17
0	0	66	34
0	12	366	98
0	0	216	8
0	6	204	51
0	1	200	52
0	0	231	98
0	6	184	88
0	0	170	95
0	2	16	54
0	17	49	46
0	0	50	47
0	1	36	62
0	3	264	68
0	35	53	96
0	1	173	6
0	1	155	10
0	2	195	51
0	0	305	8
0	1	71	63
0	0	137	17
0	2	158	50
0	2	374	27
0	2	232	91
0	3	167	23
0	4	399	53
0	0	161	86
0	0	318	80
0	4	379	19
0	1	181	39
0	7	394	24
0	48	148	55
0	0	145	56
0	3	152	57
0	0	150	54
0	0	195	91
0	4	117	21
0	8	116	19
0	0	118	18
0	0	129	19
0	15	108	69
0	0	108	67
0	0	284	2
0	0	55	12
0	19	230	63
0	0	225	27
0	0	105	95
0	1	355	93
0	0	96	75
0	3	255	98
0	0	308	88
0	0	242	24
0	0	392	65
0	4	239	48
0	3	349	25
0	26	198	37
0	0	198	43
0	16	1	47
0	0	347	34
0	0	255	91
0	6	86	20
0	0	87	20
0	28	86	83
0	1	224	60
0	0	200	20
0	0	234	3
0	0	203	33
0	0	289	43
0	0	134	73
0	3	17	60
0	1	164	29
0	4	337	61
0	0	386	19
0	4	71	15
0	0	366	30
0	0	91	77
0	1	306	59
0	1	171	35
0	0	354	74
0	0	138	37
0	0	182	86
0	0	259	92
0	3	268	57
0	1	31	95
0	4	1	63
0	0	252	17
0	9	136	1
0	0	163	82
0	14	398	1
0	1	398	0
0	0	348	12
0	3	101	77
0	0	334	19
0	0	322	31
0	4	321	31
0	5	219	91
0	14	16	1
0	0	268	9
0	0	118	16
0	0	83	9
0	0	235	62
0	0	109	4
0	0	275	54
0	6	63	89
0	1	64	90
0	0	92	97
0	2	299	96
0	27	301	96
0	11	303	94
0	2	300	98
0	0	301	60
0	1	222	25
0	0	23	44
0	25	353	94
0	0	355	95
0	0	362	28
0	0	392	75
0	5	17	56
0	0	18	57
0	0	265	56
0	0	37	13
0	1	16	88
0	2	17	88
0	1	96	22
0	0	51	43
0	1	95	24
0	0	23	25
0	1	326	49
0	0	189	10
0	2	184	93
0	0	190	53
0	0	261	40
0	0	188	85
0	3	325	43
0	0	390	17
0	0	145	62
0	2	146	62
0	0	265	47
0	0	148	83
0	0	125	16
0	2	13	11
0	2	316	65
0	1	41	99
0	0	70	1
0	0	109	96
0	0	109	97
0	1	30	81
0	1	283	45
0	0	283	44
0	0	149	5
0	1	392	44
0	0	231	24
0	3	78	16
0	0	200	4
0	1	195	38
0	0	346	80
0	0	383	71
0	7	144	33
0	0	106	89
0	0	106	88
0	3	182	98
0	10	180	98
0	0	24	40
0	0	25	40
0	8	205	93
0	0	67	85
0	0	3	64
0	0	3	65
0	0	321	28
0	2	89	93
0	0	110	60
0	1	86	0
0	0	54	83
0	23	26	54
0	7	25	55
0	42	26	57
0	14	29	65
0	0	24	55
0	1	359	32
0	8	389	36
0	0	151	50
0	1	151	49
0	84	397	87
0	0	394	88
0	7	393	94
0	0	392	90
0	1	396	98
0	1	392	99
0	0	328	1
0	0	94	23
0	0	100	84
0	0	184	96
0	3	358	78
0	6	52	19
0	1	125	76
0	12	132	28
0	8	128	31
0	0	129	71
0	19	288	83
0	0	294	84
0	5	288	85
0	0	288	87
0	2	289	86
0	4	357	96
0	2	115	74
0	1	95	71
0	1	326	57
0	0	90	90
0	1	10	24
0	1	51	86
0	0	52	85
0	1	346	15
0	4	117	66
0	0	309	92
0	0	376	92
0	0	134	95
0	0	241	29
0	0	170	63
0	0	234	55
0	1	43	46
0	0	28	73
0	1	205	8
0	0	205	7
0	2	124	2
0	13	93	5
0	4	329	55
0	0	116	32
0	0	89	50
0	1	283	81
0	57	308	14
0	6	313	9
0	0	110	16
0	4	34	98
0	0	363	30
0	0	197	11
0	0	130	25
0	10	361	96
0	0	296	31
0	6	219	82
0	0	336	77
0	2	315	22
0	13	315	21
0	2	306	0
0	1	313	53
0	0	382	52
0	0	383	52
0	0	235	69
0	0	127	55
0	0	202	64
0	1	229	88
0	0	77	79
0	3	387	95
0	0	250	85
0	0	12	63
0	1	26	99
0	0	371	22
0	0	9	42
0	0	192	23
0	2	140	2
0	0	394	77
0	0	118	99
0	9	76	43
0	0	77	43
0	0	187	7
0	0	147	79
0	0	352	94
0	1	352	95
0	0	364	90
0	0	252	45
0	1	109	6
0	13	168	53
0	0	305	25
0	0	161	13
0	0	278	31
0	2	329	12
0	5	331	12
0	0	131	87
0	0	365	83
0	0	59	70
0	0	89	12
0	0	321	30
0	9	337	4
0	2	3	25
0	2	2	26
0	2	0	27
0	2	161	2
0	0	277	50
0	0	139	95
0	3	325	44
0	0	258	18
0	2	20	58
0	7	20	56
0	0	303	98
0	6	288	53
0	3	239	2
0	5	185	41
0	0	213	59
0	0	258	79
0	0	226	19
0	0	236	66
0	0	197	8
0	0	182	47
0	1	199	81
0	0	109	52
0	3	376	20
0	2	128	65
0	0	13	21
0	2	13	22
0	1	82	59
0	6	342	38
0	0	146	90
0	0	195	4
0	2	181	33
0	0	294	11
0	0	295	98
0	0	294	98
0	18	226	80
0	1	226	81
0	0	294	16
0	0	153	79
0	2	283	5
0	0	89	62
0	0	362	98
0	17	98	2
0	0	100	0
0	0	304	82
0	2	30	55
0	0	300	3
0	0	80	47
0	1	19	21
0	1	362	75
0	0	336	22
0	0	44	88
0	0	189	86
0	1	256	0
0	0	371	14
0	13	138	34
0	1	192	62
0	0	191	63
0	1	44	48
0	0	203	20
0	1	399	1
0	22	311	91
0	6	310	97
0	0	38	81
0	1	251	99
0	0	19	18
0	0	266	56
0	7	77	48
0	0	80	50
0	0	396	73
0	0	329	64
0	0	23	94
0	3	41	79
0	3	118	63
0	0	343	63
0	0	33	67
0	0	170	76
0	4	61	12
0	2	62	14
0	0	389	87
0	0	272	6
0	2	65	61
0	2	206	58
0	2	142	48
0	5	141	49
0	0	313	22
0	0	185	81
0	0	96	31
0	0	136	23
0	0	132	84
0	0	138	3
0	5	203	84
0	1	81	72
0	13	21	10
0	0	19	27
0	0	155	97
0	0	143	81
0	0	41	51
0	1	102	75
0	0	157	18
0	2	202	96
0	1	105	36
0	0	180	88
0	0	88	14
0	11	361	19
0	0	200	37
0	2	211	70
0	0	217	41
0	0	112	25
0	2	117	11
0	1	293	16
0	0	304	54
0	0	276	59
0	4	263	7
0	0	237	80
0	0	75	95
0	1	156	38
0	0	79	65
0	1	147	3
0	18	147	2
0	4	311	29
0	3	312	31
0	1	9	34
0	1	2	27
0	0	167	22
0	0	308	92
0	0	39	78
0	0	388	99
0	0	377	81
0	0	377	80
0	0	57	52
0	5	333	75
0	0	73	50
0	1	35	52
0	21	389	70
0	1	391	67
0	0	392	66
0	1	120	77
0	2	220	70
0	0	249	99
0	0	57	84
0	1	106	68
0	0	94	22
0	1	7	34
0	4	229	84
0	9	232	92
0	0	233	91
0	1	233	96
0	30	235	94
0	1	240	99
0	26	238	95
0	9	234	97
0	4	234	91
0	0	241	98
0	1	240	90
0	1	39	82
0	0	360	31
0	0	351	26
0	0	91	27
0	0	24	77
0	3	19	29
0	0	369	33
0	1	288	58
0	1	217	11
0	0	206	13
0	11	315	93
0	49	315	96
0	0	319	99
0	1	324	95
0	0	192	30
0	0	266	53
0	0	105	59
0	1	147	78
0	0	368	89
0	1	264	2
0	1	61	42
0	0	59	15
0	1	317	40
0	1	53	82
0	2	1	28
0	5	98	94
0	4	373	70
0	0	77	55
0	1	295	73
0	0	294	74
0	0	282	3
0	0	54	16
0	0	350	38
0	0	242	22
0	0	242	21
0	7	285	10
0	5	238	91
0	1	236	89
0	0	220	0
0	3	43	21
0	0	286	4
0	0	110	25
0	0	192	66
0	0	287	5
0	0	78	9
0	1	95	45
0	8	97	45
0	12	191	91
0	1	191	93
0	0	256	4
0	0	307	1
0	0	173	27
0	5	2	10
0	0	325	21
0	0	326	21
0	0	147	88
0	0	147	87
0	0	278	76
0	19	152	68
0	0	238	92
0	0	342	28
0	1	189	1
0	0	371	71
0	0	38	23
0	0	365	74
0	1	275	20
0	0	125	82
0	0	79	67
0	0	211	73
0	1	99	44
0	2	366	82
0	3	115	39
0	0	53	26
0	0	165	38
0	0	195	47
0	1	114	16
0	2	360	51
0	1	101	35
0	3	367	80
0	0	88	65
0	20	209	99
0	1	90	20
0	0	315	70
0	5	56	47
0	0	88	17
0	1	88	16
0	0	249	29
0	1	27	56
0	2	98	5
0	14	97	7
0	11	288	59
0	0	208	82
0	0	373	9
0	1	30	30
0	1	308	36
0	1	238	94
0	0	312	99
0	0	188	86
0	0	78	43
0	0	369	11
0	1	288	69
0	0	158	14
0	0	376	25
0	0	148	38
0	4	182	54
0	3	298	39
0	0	296	40
0	0	388	93
0	2	311	99
0	0	83	25
0	0	130	73
0	33	282	62
0	6	282	58
0	4	284	66
0	0	283	58
0	2	279	61
0	3	284	59
0	0	36	24
0	15	208	97
0	1	324	57
0	0	324	55
0	0	57	43
0	0	319	69
0	13	242	64
0	4	203	15
0	0	204	13
0	0	306	94
0	0	195	11
0	2	248	38
0	3	98	58
0	0	41	74
0	0	51	49
0	4	75	81
0	1	122	82
0	0	238	84
0	0	213	81
0	4	263	99
0	1	317	31
0	0	3	44
0	0	2	44
0	2	287	70
0	0	257	70
0	0	146	94
0	0	370	56
0	0	11	23
0	3	92	9
0	0	365	52
0	0	191	52
0	0	370	53
0	2	191	87
0	1	130	93
0	0	42	40
0	0	212	68
0	0	239	20
0	1	78	8
0	5	8	84
0	0	377	44
0	2	11	17
0	0	190	66
0	0	194	5
0	1	202	4
0	1	182	21
0	2	181	22
0	41	325	95
0	1	327	92
0	5	328	98
0	9	330	93
0	0	331	51
0	1	354	17
0	0	317	21
0	0	185	77
0	1	320	31
0	2	279	15
0	0	53	85
0	0	283	80
0	0	294	62
0	10	396	65
0	1	396	67
0	0	212	46
0	1	126	68
0	1	271	60
0	5	360	16
0	0	359	16
0	0	277	83
0	0	68	43
0	0	385	65
0	0	357	16
0	4	214	88
0	5	288	28
0	1	289	26
0	0	287	28
0	0	324	91
0	2	313	20
0	0	355	74
0	0	223	29
0	1	163	73
0	1	214	86
0	5	103	54
0	0	308	60
0	0	26	19
0	3	8	62
0	6	337	91
0	0	338	92
0	0	330	83
0	0	282	79
0	1	79	55
0	0	32	67
0	0	160	40
0	0	160	41
0	3	159	41
0	1	190	86
0	0	204	56
0	0	262	43
0	0	61	19
0	0	136	29
0	0	191	4
0	0	300	70
0	0	226	65
0	13	225	65
0	27	391	39
0	0	394	38
0	0	391	40
0	4	395	38
0	7	396	36
0	6	398	34
0	3	399	37
0	0	399	30
0	0	130	4
0	0	130	5
0	1	363	85
0	1	147	60
0	0	261	63
0	4	392	84
0	0	308	32
0	0	50	32
0	0	17	84
0	0	81	49
0	0	144	61
0	3	251	76
0	1	159	73
0	0	161	73
0	0	98	41
0	0	152	80
0	0	8	28
0	0	242	36
0	1	105	84
0	2	94	58
0	0	179	76
0	0	220	76
0	1	220	77
0	0	220	79
0	2	389	40
0	0	185	74
0	0	80	12
0	0	278	75
0	2	102	83
0	0	377	51
0	1	90	0
0	0	133	24
0	0	347	24
0	2	111	38
0	0	112	38
0	0	57	27
0	3	183	78
0	1	20	99
0	0	54	80
0	0	115	70
0	0	320	93
0	0	179	92
0	0	119	85
0	1	44	70
0	0	201	14
0	0	84	78
0	0	263	84
0	2	3	81
0	1	262	0
0	0	126	6
0	1	246	28
0	0	22	10
0	1	191	75
0	4	191	76
0	0	365	86
0	0	395	68
0	0	227	78
0	0	47	67
0	4	39	34
0	0	59	90
0	0	290	14
0	0	116	1
0	0	196	42
0	1	34	12
0	0	190	26
0	0	170	8
0	1	164	58
0	0	320	22
0	0	192	86
0	15	40	33
0	2	272	14
0	1	271	14
0	4	394	0
0	1	388	46
0	0	174	25
0	0	332	4
0	3	103	85
0	1	104	85
0	3	201	5
0	0	27	92
0	1	260	0
0	6	92	79
0	3	343	36
0	0	256	7
0	1	139	84
0	1	121	21
0	0	180	95
0	2	180	94
0	0	281	72
0	1	228	2
0	0	25	29
0	0	83	43
0	0	313	0
0	0	387	82
0	0	209	39
0	0	350	4
0	0	337	72
0	0	33	96
0	3	189	79
0	0	176	70
0	1	175	70
0	0	98	48
0	2	58	29
0	2	181	50
0	0	271	8
0	0	207	60
0	0	106	5
0	0	291	23
0	0	331	47
0	2	40	57
0	2	143	9
0	0	81	11
0	4	302	22
0	1	238	80
0	5	343	83
0	1	119	90
0	1	38	99
0	0	31	14
0	2	91	56
0	5	298	7
0	0	297	99
0	2	304	38
0	0	374	15
0	1	95	44
0	0	162	25
0	0	141	67
0	0	260	4
0	0	154	9
0	1	145	3
0	0	353	1
0	0	254	73
0	2	159	19
0	0	56	93
0	0	291	12
0	0	152	82
0	4	155	98
0	0	22	40
0	21	50	1
0	9	55	2
0	24	57	4
0	0	64	1
0	1	56	1
0	0	56	0
0	3	54	4
0	4	46	0
0	2	54	6
0	0	53	2
0	2	184	62
0	0	183	62
0	0	233	47
0	3	82	93
0	3	119	61
0	0	325	66
0	1	245	82
0	0	343	50
0	0	37	10
0	4	371	83
0	1	372	82
0	1	230	71
0	0	393	51
0	4	321	52
0	0	320	52
0	1	21	56
0	0	175	98
0	0	83	14
0	4	300	80
0	2	141	31
0	3	142	29
0	0	141	28
0	0	276	28
0	0	394	86
0	0	395	86
0	0	247	47
0	3	53	53
0	0	348	96
0	0	104	50
0	1	161	17
0	0	367	60
0	0	21	55
0	0	170	62
0	0	234	34
0	5	235	34
0	2	273	30
0	0	275	53
0	0	369	68
0	1	114	62
0	1	88	66
0	0	388	97
0	0	37	0
0	0	93	16
0	0	29	10
0	4	198	7
0	1	297	64
0	24	373	77
0	0	372	78
0	3	261	69
0	1	263	70
0	14	273	37
0	12	269	36
0	0	273	34
0	0	242	98
0	2	95	51
0	7	154	21
0	0	155	21
0	2	290	62
0	0	9	9
0	0	311	80
0	0	255	97
0	0	66	22
0	0	209	35
0	8	188	52
0	0	186	55
0	0	265	10
0	25	267	16
0	21	262	13
0	0	270	16
0	2	186	40
0	3	198	45
0	1	198	48
0	1	316	15
0	0	347	80
0	4	181	32
0	4	256	63
0	0	224	89
0	0	220	43
0	0	30	88
0	0	384	51
0	35	391	92
0	0	390	92
0	0	387	90
0	2	392	96
0	0	167	5
0	4	28	61
0	15	30	62
0	1	34	61
0	1	35	60
0	3	34	59
0	4	33	59
0	0	16	0
0	1	214	89
0	4	233	90
0	1	337	44
0	0	213	26
0	1	187	43
0	0	23	24
0	0	22	24
0	0	324	77
0	2	262	27
0	0	264	28
0	1	263	27
0	0	25	85
0	0	6	43
0	1	92	57
0	1	270	88
0	2	181	93
0	0	263	79
0	0	383	51
0	3	158	71
0	2	263	38
0	1	250	82
0	6	251	83
0	0	253	82
0	13	37	2
0	0	36	0
0	0	30	42
0	0	140	0
0	1	362	46
0	10	373	2
0	2	371	0
0	3	298	95
0	3	19	17
0	0	397	99
0	0	155	92
0	0	171	55
0	0	76	7
0	0	73	12
0	0	72	12
0	0	146	81
0	17	143	77
0	0	384	75
0	2	114	53
0	2	145	63
0	0	69	48
0	0	334	77
0	0	24	63
0	0	21	58
0	0	365	64
0	0	207	44
0	0	59	8
0	0	100	10
0	1	147	20
0	0	146	20
0	1	96	58
0	2	63	90
0	2	273	67
0	0	36	16
0	0	89	73
0	0	238	96
0	0	250	72
0	10	250	71
0	0	250	69
0	0	248	71
0	3	247	69
0	1	45	24
0	0	356	82
0	1	297	52
0	6	76	39
0	2	137	62
0	0	22	61
0	9	323	97
0	8	102	17
0	0	271	81
0	3	200	0
0	2	190	5
0	1	38	27
0	0	164	14
0	0	32	46
0	0	32	45
0	0	145	41
0	0	1	40
0	0	199	92
0	0	294	21
0	1	195	17
0	1	267	42
0	0	190	49
0	0	326	96
0	0	375	46
0	2	331	39
0	0	18	2
0	0	251	17
0	1	111	75
0	0	236	93
0	0	33	92
0	0	15	63
0	0	155	81
0	1	104	88
0	1	104	89
0	0	36	71
0	0	30	10
0	1	10	30
0	2	132	91
0	1	384	2
0	0	70	9
0	0	291	82
0	0	225	56
0	1	90	88
0	0	15	94
0	0	163	14
0	0	253	9
0	1	384	21
0	0	389	99
0	0	390	99
0	0	389	35
0	0	389	88
0	5	59	13
0	0	58	15
0	1	109	80
0	32	392	32
0	0	174	30
0	0	47	54
0	0	191	53
0	1	392	37
0	0	381	16
0	0	21	22
0	0	357	39
0	0	222	78
0	0	140	95
0	0	13	38
0	0	179	42
0	0	291	99
0	0	37	71
0	1	233	95
0	0	29	13
0	0	363	98
0	28	332	80
0	15	325	81
0	2	324	80
0	0	332	77
0	1	324	79
0	0	322	81
0	5	111	99
0	0	8	50
0	0	42	98
0	0	77	7
0	0	398	32
0	0	344	73
0	0	248	45
0	1	131	86
0	1	306	25
0	1	23	81
0	0	59	93
0	0	196	97
0	0	321	69
0	0	296	88
0	0	147	53
0	1	236	78
0	1	248	56
0	0	238	62
0	0	11	34
0	3	354	86
0	0	357	17
0	1	355	30
0	0	248	97
0	0	283	6
0	0	310	11
0	0	51	85
0	0	18	66
0	0	159	8
0	3	245	56
0	0	45	94
0	0	150	98
0	0	183	52
0	0	104	49
0	0	243	61
0	1	132	89
0	0	363	71
0	0	46	63
0	0	250	3
0	0	90	14
0	0	123	29
0	0	309	27
0	0	267	26
0	1	107	34
0	0	355	81
0	0	303	55
0	0	303	54
0	0	319	35
0	0	324	97
0	0	196	3
0	0	26	48
0	0	74	70
0	0	73	70
0	1	273	99
0	3	53	81
0	0	348	44
0	0	297	61
0	2	71	34
0	0	158	89
0	0	358	99
0	0	185	61
0	0	391	23
0	2	208	28
0	0	337	16
0	4	331	22
0	0	224	61
0	0	186	46
0	1	116	37
0	0	80	86
0	0	16	63
0	8	362	35
0	0	363	39
0	0	259	95
0	0	284	60
0	0	278	62
0	1	277	62
0	1	210	52
0	0	46	29
0	1	131	65
0	0	158	4
0	1	31	44
0	1	185	75
0	4	198	64
0	0	357	75
0	0	18	30
0	0	68	0
0	0	239	89
0	1	28	82
0	1	28	83
0	0	202	97
0	0	201	97
0	0	301	67
0	0	302	68
0	0	226	99
0	0	383	40
0	0	89	49
0	0	207	40
0	0	193	60
0	1	314	55
0	0	52	93
0	0	52	92
0	0	128	10
0	0	52	4
0	0	333	86
0	0	327	80
0	0	386	75
0	0	251	71
0	4	313	18
0	0	29	72
0	0	314	83
0	1	244	18
0	0	323	53
0	0	292	38
0	0	38	68
0	0	251	8
0	0	359	99
0	2	244	2
0	0	340	31
0	0	260	33
0	0	81	53
0	0	214	38
0	2	109	19
0	7	110	20
0	1	112	20
0	1	109	21
0	0	215	61
0	0	387	85
0	0	326	98
0	2	73	37
0	0	112	17
0	0	356	69
0	1	327	36
0	0	284	8
0	0	140	99
0	0	295	35
0	2	30	0
0	0	358	87
0	0	112	37
0	0	56	94
0	1	207	26
0	3	68	5
0	1	68	7
0	0	12	30
0	0	17	42
0	0	359	44
0	0	143	69
0	0	200	19
0	0	278	96
0	0	337	60
0	0	181	19
0	21	23	6
0	1	21	7
0	0	20	7
0	0	94	41
0	0	106	2
0	1	131	99
0	0	73	84
0	1	51	94
0	0	17	10
0	0	339	78
0	0	122	23
0	1	121	55
0	0	201	99
0	0	232	94
0	0	319	59
0	0	78	82
0	0	138	61
0	0	330	70
0	0	99	58
0	0	146	29
0	0	225	6
0	0	33	91
0	0	356	24
0	0	36	7
0	0	148	75
0	6	72	73
0	1	231	37
0	0	172	95
0	0	331	55
0	0	335	80
0	0	344	17
0	6	285	66
0	14	288	68
0	0	285	67
0	0	223	25
0	0	246	27
0	1	160	18
0	1	161	19
0	0	41	52
0	1	21	4
0	0	387	86
0	0	348	89
0	0	342	17
0	0	89	31
0	1	52	52
0	0	375	51
0	0	293	63
0	2	243	98
0	0	281	38
0	1	304	86
0	2	56	41
0	0	156	91
0	0	239	73
0	1	179	33
0	0	111	10
0	0	188	31
0	3	243	0
0	0	241	1
0	0	242	2
0	4	38	8
0	0	162	79
0	0	224	56
0	2	201	89
0	1	311	10
0	0	57	18
0	0	32	85
0	0	61	7
0	3	203	47
0	0	234	75
0	0	182	32
0	7	1	68
0	0	43	0
0	0	42	0
0	0	103	23
0	0	166	86
0	0	328	82
0	0	6	13
0	0	335	23
0	1	236	20
0	0	156	88
0	0	279	50
0	2	246	59
0	0	111	28
0	0	79	74
0	6	71	41
0	3	73	41
0	0	74	39
0	0	279	3
0	0	270	77
0	2	271	77
0	0	271	78
0	0	271	79
0	0	270	76
0	0	355	16
0	0	72	4
0	0	319	75
0	3	318	75
0	0	170	64
0	0	352	69
0	9	376	31
0	0	377	32
0	3	35	63
0	36	323	6
0	0	321	1
0	0	256	3
0	0	67	84
0	1	178	41
0	2	180	41
0	0	180	42
0	0	180	43
0	1	179	43
0	0	312	76
0	1	152	77
0	0	152	76
0	0	230	34
0	0	49	26
0	6	397	71
0	3	397	70
0	7	398	68
0	0	171	58
0	0	357	64
0	0	55	13
0	0	160	53
0	0	303	19
0	0	17	96
0	0	394	63
0	1	379	43
0	0	379	41
0	0	23	40
0	1	347	63
0	0	145	31
0	0	185	39
0	0	178	48
0	0	392	25
0	0	163	7
0	0	291	41
0	7	381	1
0	4	326	82
0	0	68	98
0	0	308	86
0	0	311	96
0	0	258	38
0	0	134	10
0	0	40	37
0	1	253	19
0	1	252	18
0	0	374	65
0	0	103	95
0	1	46	97
0	0	44	97
0	1	23	99
0	0	109	70
0	0	315	18
0	0	393	86
0	0	259	4
0	0	138	69
0	0	97	48
0	0	104	55
0	0	371	38
0	1	244	56
0	1	103	9
0	0	333	40
0	1	30	9
0	0	350	49
0	0	43	61
0	5	86	27
0	0	101	3
0	2	100	3
0	1	340	46
0	0	307	99
0	1	76	98
0	6	272	20
0	0	272	16
0	0	274	20
0	4	317	36
0	0	60	35
0	0	59	35
0	1	36	39
0	0	396	52
0	3	8	33
0	11	12	90
0	0	126	61
0	0	44	59
0	0	44	60
0	0	207	99
0	0	243	95
0	8	287	51
0	0	395	18
0	0	59	89
0	0	20	8
0	4	214	6
0	41	214	4
0	1	217	0
0	1	212	4
0	3	218	1
0	6	372	10
0	0	76	14
0	0	136	98
0	9	135	98
0	0	134	96
0	0	136	97
0	0	321	89
0	0	374	20
0	0	375	20
0	0	392	72
0	0	175	76
0	0	10	23
0	2	213	31
0	0	295	2
0	0	285	45
0	0	214	59
0	0	57	70
0	1	89	68
0	0	108	56
0	0	218	10
0	0	166	91
0	14	211	55
0	1	217	51
0	4	212	56
0	7	214	57
0	16	216	50
0	0	214	52
0	27	217	53
0	0	216	54
0	0	218	50
0	0	339	51
0	0	231	7
0	0	210	95
0	2	210	94
0	0	211	93
0	0	212	93
0	0	207	93
0	0	155	64
0	1	290	64
0	0	280	24
0	1	269	74
0	0	270	75
0	0	271	74
0	1	24	97
0	1	176	89
0	2	124	78
0	1	31	64
0	1	194	68
0	0	305	15
0	0	55	0
0	0	54	0
0	0	178	89
0	4	184	26
0	0	56	77
0	0	249	75
0	1	267	47
0	1	257	44
0	0	324	61
0	0	179	77
0	0	229	4
0	1	135	16
0	0	96	47
0	0	365	51
0	7	14	25
0	4	161	25
0	1	5	68
0	0	376	35
0	2	13	27
0	0	212	37
0	0	88	35
0	0	140	76
0	0	210	36
0	0	319	57
0	1	1	12
0	0	199	87
0	1	200	87
0	2	201	86
0	0	232	62
0	0	23	47
0	0	89	58
0	0	0	36
0	0	377	56
0	3	9	3
0	0	247	56
0	1	389	93
0	0	308	59
0	0	191	68
0	0	252	3
0	0	298	2
0	0	24	57
0	0	64	70
0	0	173	83
0	0	348	47
0	1	224	47
0	0	393	54
0	1	214	25
0	0	35	47
0	1	7	21
0	0	145	16
0	0	185	70
0	1	215	55
0	0	184	17
0	1	214	42
0	0	126	27
0	1	0	94
0	1	50	42
0	0	378	22
0	6	237	98
0	0	376	81
0	0	376	80
0	0	159	60
0	0	145	69
0	0	209	47
0	8	209	48
0	1	384	30
0	0	321	6
0	0	188	92
0	1	187	92
0	0	272	21
0	0	16	6
0	4	147	75
0	0	27	46
0	0	357	22
0	0	91	44
0	0	18	98
0	2	351	1
0	0	149	51
0	0	345	27
0	0	369	99
0	0	330	3
0	0	232	87
0	1	165	80
0	1	72	75
0	1	276	76
0	0	88	25
0	0	296	30
0	3	112	85
0	0	112	84
0	1	19	75
0	1	197	51
0	1	272	73
0	0	314	0
0	1	298	10
0	7	247	15
0	0	201	84
0	0	58	32
0	1	398	81
0	0	6	47
0	0	330	44
0	1	152	78
0	0	158	12
0	0	31	61
0	0	30	61
0	1	284	99
0	1	269	60
0	2	233	24
0	0	183	60
0	0	325	32
0	0	347	23
0	2	148	26
0	3	146	27
0	1	391	27
0	0	229	31
0	0	340	2
0	0	61	40
0	1	31	2
0	0	161	94
0	0	76	95
0	3	157	52
0	1	156	52
0	0	155	54
0	3	309	42
0	0	158	13
0	0	323	68
0	0	15	41
0	1	133	0
0	0	274	32
0	3	273	32
0	0	223	50
0	0	218	65
0	0	393	36
0	0	194	66
0	1	351	61
0	0	241	84
0	0	91	36
0	0	52	66
0	0	52	65
0	1	51	65
0	1	332	95
0	0	338	39
0	0	30	12
0	6	371	23
0	2	374	21
0	2	73	86
0	0	246	67
0	0	246	66
0	2	313	58
0	0	204	40
0	0	169	44
0	0	90	9
0	0	372	80
0	15	24	51
0	0	291	9
0	0	240	13
0	0	354	72
0	0	212	38
0	0	131	73
0	0	6	46
0	0	290	86
0	9	347	67
0	0	58	40
0	0	166	71
0	0	342	13
0	7	254	2
0	0	125	57
0	0	122	98
0	0	52	95
0	0	285	52
0	0	321	90
0	0	302	98
0	2	6	50
0	1	32	8
0	0	233	18
0	0	233	17
0	1	372	18
0	0	330	98
0	0	266	65
0	0	139	1
0	0	388	61
0	0	97	47
0	0	169	67
0	0	395	91
0	0	208	71
0	2	298	16
0	1	298	15
0	0	297	15
0	1	267	99
0	0	62	11
0	0	183	55
0	1	258	84
0	2	4	35
0	0	194	17
0	0	59	59
0	0	398	30
0	0	60	48
0	0	101	53
0	0	272	0
0	0	144	51
0	1	123	84
0	1	333	88
0	0	79	63
0	1	132	52
0	0	288	25
0	0	288	26
0	0	144	77
0	1	129	82
0	0	60	26
0	0	78	62
0	0	147	77
0	0	139	9
0	7	114	48
0	0	114	45
0	5	199	26
0	0	200	24
0	1	346	29
0	0	327	19
0	0	336	80
0	1	6	57
0	0	295	26
0	0	295	99
0	0	384	4
0	3	330	92
0	0	129	7
0	0	399	70
0	0	88	74
0	0	238	70
0	1	242	93
0	0	277	42
0	0	315	76
0	0	98	85
0	0	191	46
0	0	358	31
0	0	3	10
0	0	54	33
0	2	339	7
0	0	144	19
0	0	13	94
0	0	398	66
0	0	128	24
0	0	12	61
0	2	11	61
0	12	10	61
0	0	242	91
0	0	377	90
0	0	1	58
0	1	241	2
0	2	162	55
0	0	161	57
0	0	102	98
0	2	127	76
0	0	128	77
0	1	127	77
0	0	127	78
0	0	163	83
0	3	364	50
0	0	232	95
0	9	124	14
0	0	346	23
0	1	154	23
0	0	381	36
0	0	63	50
0	0	152	11
0	1	125	4
0	0	189	70
0	0	44	46
0	0	44	47
0	0	45	47
0	0	372	95
0	1	214	22
0	0	228	23
0	0	108	7
0	0	72	36
0	0	309	81
0	1	148	34
0	0	139	94
0	0	201	25
0	0	235	93
0	0	343	78
0	0	331	54
0	0	279	98
0	1	56	13
0	0	214	87
0	0	101	29
0	0	267	44
0	0	4	79
0	1	223	87
0	0	140	38
0	1	67	8
0	0	342	7
0	0	142	84
0	0	228	19
0	2	77	65
0	0	77	64
0	0	112	96
0	0	367	85
0	0	396	95
0	0	106	8
0	1	285	78
0	1	279	48
0	0	278	47
0	0	222	41
0	1	255	75
0	0	34	4
0	1	18	99
0	0	51	62
0	0	300	4
0	0	68	9
0	0	0	89
0	0	329	80
0	0	367	73
0	0	291	95
0	1	291	96
0	0	138	21
0	0	354	61
0	0	82	33
0	1	333	67
0	0	333	69
0	1	182	80
0	0	372	13
0	0	286	0
0	0	215	79
0	3	6	0
0	3	4	1
0	0	3	0
0	0	373	23
0	1	373	24
0	0	374	23
0	0	0	49
0	0	299	59
0	0	379	21
0	0	356	66
0	0	58	1
0	0	115	1
0	1	390	89
0	0	138	17
0	0	368	66
0	0	273	58
0	0	125	85
0	0	229	54
0	0	155	1
0	1	18	3
0	0	17	4
0	2	35	36
0	1	36	37
0	0	37	36
0	0	34	35
0	1	321	26
0	1	321	24
0	0	265	55
0	0	306	27
0	1	342	94
0	0	340	94
0	3	251	56
0	1	358	17
0	0	219	2
0	1	260	69
0	0	40	63
0	1	180	87
0	0	181	86
0	0	352	54
0	0	353	87
0	0	348	38
0	1	222	87
0	0	221	86
0	0	65	41
0	0	199	39
0	0	297	5
0	2	387	37
0	4	373	42
0	0	8	6
0	0	9	6
0	1	136	46
0	1	134	46
0	0	306	35
0	1	105	48
0	0	385	34
0	0	344	82
0	0	188	93
0	1	133	46
0	1	341	50
0	1	341	49
0	0	45	44
0	0	46	44
0	1	0	75
0	0	256	31
0	0	256	30
0	1	118	84
0	0	216	14
0	0	360	11
0	2	24	78
0	0	218	49
0	0	133	97
0	0	394	68
0	0	230	24
0	0	229	24
0	10	37	32
0	0	38	30
0	0	266	49
0	1	17	3
0	1	16	4
0	0	66	0
0	0	121	48
0	0	325	78
0	0	332	44
0	1	332	45
0	0	65	0
0	0	353	88
0	3	248	11
0	0	249	13
0	0	182	79
0	0	181	79
0	1	117	61
0	4	116	62
0	0	115	62
0	2	115	63
0	0	233	14
0	0	133	90
0	0	391	65
0	1	321	0
0	0	329	81
0	4	145	28
0	2	212	6
0	0	245	32
0	2	246	83
0	0	48	71
0	0	126	7
0	1	332	97
0	0	322	46
0	0	356	44
0	0	112	78
0	3	375	76
0	0	0	9
0	0	39	19
0	0	6	97
0	1	88	94
0	0	89	95
0	0	230	21
0	0	238	89
0	0	52	72
0	0	63	6
0	0	377	68
0	0	195	98
0	0	206	90
0	0	205	90
0	0	329	39
0	0	98	53
0	0	92	78
0	2	350	3
0	0	352	3
0	0	202	20
0	0	204	62
0	0	153	76
0	1	155	3
0	0	182	11
0	1	337	53
0	0	379	96
0	4	250	0
0	0	280	36
0	7	172	55
0	4	1	25
0	0	98	23
0	0	380	28
0	0	330	90
0	1	26	39
0	0	0	59
0	0	298	25
0	0	299	25
0	0	33	18
0	0	213	84
0	0	160	34
0	0	393	95
0	7	153	72
0	0	155	72
0	0	156	72
0	1	156	71
0	1	156	69
0	3	186	83
0	0	188	83
0	0	189	83
0	0	189	84
0	0	48	27
0	5	49	27
0	0	382	43
0	0	382	44
0	7	381	44
0	0	65	70
0	0	376	98
0	0	377	98
0	2	377	97
0	2	379	98
0	3	379	99
0	0	350	32
0	0	86	99
0	1	314	27
0	0	342	49
0	3	314	48
0	0	26	66
0	0	240	80
0	0	250	55
0	0	231	27
0	1	357	55
0	0	360	93
0	1	271	18
0	0	23	74
0	2	75	41
0	0	165	76
0	0	261	88
0	0	165	75
0	0	309	53
0	1	133	71
0	0	224	3
0	0	41	87
0	0	312	92
0	0	182	45
0	0	182	46
0	0	90	92
0	1	391	45
0	0	168	83
0	0	371	95
0	0	219	80
0	0	45	18
0	0	267	31
0	1	149	9
0	1	305	20
0	1	306	19
0	3	132	48
0	0	52	33
0	0	99	12
0	0	326	99
0	0	345	83
0	0	345	82
0	0	155	4
0	0	155	18
0	0	219	93
0	0	220	93
0	0	103	5
0	0	18	63
0	1	18	64
0	6	20	64
0	0	19	66
0	0	339	58
0	0	163	72
0	1	342	76
0	0	342	74
0	1	341	76
0	1	382	73
0	1	156	99
0	0	128	32
0	1	245	12
0	0	98	76
0	1	226	23
0	1	263	23
0	0	193	87
0	0	249	38
0	0	347	7
0	0	161	95
0	0	122	20
0	1	34	95
0	0	31	32
0	2	63	38
0	0	240	67
0	0	109	16
0	0	306	45
0	0	333	42
0	0	357	3
0	0	0	58
0	1	155	68
0	0	154	69
0	0	99	6
0	0	11	56
0	0	150	99
0	0	81	7
0	0	172	73
0	0	379	65
0	0	174	57
0	0	391	89
0	2	104	14
0	1	204	76
0	1	205	77
0	0	313	96
0	0	369	66
0	0	237	48
0	0	41	83
0	0	50	4
0	0	328	42
0	0	74	54
0	0	216	88
0	0	121	4
0	0	156	3
0	0	136	95
0	1	258	99
0	0	291	40
0	1	307	31
0	2	318	30
0	0	317	30
0	0	316	30
0	0	316	31
0	1	315	31
0	0	108	84
0	0	190	80
0	0	137	2
0	0	114	30
0	0	377	79
0	1	301	51
0	0	381	92
0	0	114	73
0	0	238	63
0	0	252	0
0	0	156	98
0	1	157	98
0	2	357	41
0	5	289	73
0	0	116	30
0	0	361	85
0	1	360	85
0	0	351	14
0	0	28	18
0	0	232	41
0	0	218	89
0	0	171	45
0	2	357	1
0	0	104	39
0	0	33	93
0	0	34	93
0	0	375	67
0	0	374	67
0	0	222	83
0	0	345	17
0	3	89	57
0	0	120	2
0	6	239	1
0	0	236	1
0	1	236	0
0	3	234	0
0	0	247	18
0	0	261	50
0	3	22	46
0	0	245	31
0	0	312	16
0	0	40	35
0	1	302	79
0	0	39	10
0	2	176	18
0	0	104	13
0	0	165	32
0	1	233	35
0	0	232	34
0	1	233	34
0	0	396	47
0	0	331	69
0	0	338	89
0	0	338	88
0	0	150	31
0	0	180	51
0	1	189	82
0	0	287	29
0	0	391	75
0	0	169	76
0	0	16	79
0	1	189	65
0	0	289	99
0	1	298	97
0	0	299	98
0	0	190	79
0	0	170	88
0	0	352	24
0	0	351	24
0	1	352	25
0	0	275	24
0	0	329	54
0	0	301	10
0	1	291	60
0	0	290	60
0	0	137	43
0	0	34	85
0	0	90	37
0	0	362	91
0	0	294	94
0	0	376	58
0	0	385	19
0	0	7	38
0	4	123	50
0	0	373	12
0	0	239	52
0	0	326	17
0	0	135	82
0	0	160	77
0	0	276	89
0	0	175	69
0	0	230	78
0	0	208	52
0	0	214	94
0	0	253	85
0	0	230	31
0	1	170	54
0	0	90	94
0	0	84	52
0	0	56	38
0	0	77	50
0	3	51	99
0	0	203	88
0	1	338	86
0	0	59	96
0	4	286	72
0	0	60	69
0	0	206	70
0	0	145	36
0	0	144	36
0	0	304	98
0	0	106	13
0	1	34	48
0	2	343	60
0	3	107	38
0	5	109	38
0	0	108	36
0	0	178	40
0	0	338	94
0	0	79	58
0	0	316	18
0	0	361	93
0	0	306	42
0	0	306	41
0	0	174	34
0	0	356	0
0	0	261	57
0	0	290	71
0	0	64	32
0	0	8	22
0	1	211	14
0	0	10	63
0	0	257	51
0	0	314	54
0	0	38	24
0	0	270	26
0	0	308	50
0	0	382	39
0	0	3	24
0	0	0	8
0	0	240	40
0	0	206	99
0	0	126	78
0	2	242	73
0	0	392	45
0	0	71	45
0	0	243	86
0	2	295	1
0	0	258	35
0	0	151	59
0	0	346	5
0	0	129	36
0	0	128	36
0	2	253	17
0	0	255	16
0	0	254	15
0	0	344	36
0	0	344	37
0	0	269	38
0	0	117	76
0	0	237	63
0	0	267	49
0	0	169	16
0	3	331	52
0	0	193	6
0	0	6	79
0	0	129	29
0	0	322	54
0	0	391	90
0	0	118	59
0	0	358	22
0	0	41	73
0	0	79	14
0	0	277	76
0	0	320	20
0	0	292	97
0	0	292	98
0	0	292	99
0	1	293	99
0	1	80	99
0	0	78	79
0	1	105	22
0	4	173	55
0	0	131	74
0	0	132	74
0	0	61	84
0	0	134	45
0	0	332	68
0	0	127	20
0	1	130	13
0	0	129	12
0	0	233	8
0	0	131	26
0	0	288	61
0	0	243	16
0	0	70	93
0	0	146	85
0	5	110	34
0	3	110	35
0	1	112	35
0	1	19	23
0	0	240	77
0	0	80	88
0	0	392	20
0	0	298	1
0	0	207	12
0	0	227	58
0	0	279	36
0	0	202	18
0	1	144	64
0	0	176	94
0	0	115	25
0	0	17	54
0	0	324	45
0	0	150	75
0	1	388	52
0	0	281	61
0	0	171	66
0	0	221	60
0	1	241	79
0	0	326	4
0	0	218	8
0	0	323	61
0	0	360	61
0	1	359	9
0	0	360	10
0	0	334	50
0	1	78	64
0	0	176	87
0	0	170	44
0	0	200	36
0	0	211	71
0	0	246	84
0	0	303	73
0	0	159	74
0	0	206	14
0	1	40	4
0	5	1	20
0	0	0	18
0	0	256	78
0	0	88	56
0	0	211	42
0	0	224	16
0	1	279	49
0	1	185	58
0	0	135	20
0	0	348	13
0	1	264	85
0	0	313	81
0	0	363	31
0	1	76	32
0	0	179	15
0	0	251	81
0	0	19	56
0	0	102	79
0	1	118	65
0	3	138	47
0	1	217	50
0	0	381	32
0	0	114	41
0	1	270	32
0	0	309	0
0	0	247	60
0	0	188	0
0	0	298	91
0	1	207	85
0	1	350	69
0	0	269	98
0	2	209	41
0	0	210	42
0	0	49	39
0	0	380	34
0	0	286	42
0	0	9	17
0	0	357	40
0	0	189	89
0	1	181	52
0	0	176	30
0	0	265	89
0	0	76	25
0	0	320	39
0	0	95	59
0	0	366	32
0	0	254	18
0	0	103	7
0	0	189	54
0	0	375	23
0	0	94	77
0	0	24	64
0	0	291	43
0	3	291	44
0	0	292	44
0	3	126	33
0	0	18	54
0	0	5	37
0	0	131	72
0	0	84	36
0	0	9	45
0	0	202	48
0	2	197	45
0	0	270	65
0	0	219	38
0	0	371	76
0	1	238	57
0	0	165	20
0	0	32	84
0	0	269	3
0	0	110	23
0	2	250	83
0	2	249	83
0	0	38	10
0	0	373	7
0	0	399	89
0	0	305	68
0	0	66	14
0	0	234	42
0	0	234	41
0	0	46	59
0	0	326	37
0	0	116	41
0	0	376	63
0	0	17	97
0	7	17	98
0	1	32	57
0	0	32	56
0	0	350	0
0	0	73	57
0	0	251	38
0	0	266	89
0	1	211	52
0	0	25	1
0	0	43	76
0	0	344	64
0	0	308	75
0	2	244	70
0	0	245	69
0	1	381	41
0	0	265	94
0	0	97	31
0	0	129	37
0	0	369	24
0	0	18	18
0	0	79	16
0	0	39	3
0	0	159	61
0	0	136	99
0	0	75	78
0	0	354	38
0	0	355	38
0	0	33	86
0	0	244	43
0	0	137	23
0	0	79	64
0	0	80	64
0	0	85	33
0	0	390	50
0	0	185	94
0	1	294	54
0	0	93	32
0	0	88	44
0	0	134	11
0	2	144	54
0	0	364	96
0	1	335	0
0	1	12	75
0	0	343	97
0	0	371	81
0	0	386	18
0	1	208	37
0	0	209	36
0	0	74	38
0	0	148	74
0	0	165	1
0	0	20	52
0	1	134	21
0	0	389	98
0	0	251	85
0	0	252	85
0	0	276	43
0	2	278	33
0	0	150	14
0	0	246	98
0	1	74	79
0	0	307	60
0	0	368	47
0	0	324	3
0	2	308	9
0	0	197	10
0	0	300	10
0	0	270	31
0	0	97	94
0	0	97	40
0	0	142	67
0	0	67	69
0	0	75	32
0	0	8	73
0	1	79	17
0	0	79	19
0	0	222	40
0	0	250	75
0	0	303	27
0	0	255	14
0	0	188	39
0	0	188	38
0	0	372	43
0	0	225	24
0	0	144	69
0	0	27	62
0	0	283	49
0	1	283	48
0	4	375	2
0	0	377	0
0	0	138	15
0	0	200	88
0	1	292	8
0	0	298	11
0	2	35	59
0	0	36	61
0	3	276	96
0	6	277	98
0	0	274	97
0	0	277	99
0	0	332	87
0	1	288	99
0	0	362	99
0	0	356	67
0	0	113	50
0	1	295	62
0	0	255	3
0	0	179	46
0	0	87	73
0	3	35	41
0	0	365	76
0	0	277	15
0	0	362	92
0	1	362	93
0	0	363	94
0	0	348	25
0	0	12	53
0	0	308	12
0	1	141	62
0	0	141	61
0	1	80	87
0	0	345	16
0	0	252	69
0	0	76	29
0	0	22	13
0	3	256	71
0	0	358	49
0	0	285	99
0	0	335	82
0	0	165	35
0	0	279	5
0	0	396	43
0	0	245	53
0	0	173	63
0	0	64	74
0	0	1	61
0	0	82	39
0	2	243	21
0	0	243	19
0	1	244	19
0	1	77	29
0	0	213	27
0	0	188	84
0	3	0	82
0	0	75	2
0	0	226	48
0	2	241	56
0	0	192	6
0	0	386	1
0	1	386	0
0	0	202	26
0	0	94	71
0	0	363	62
0	0	195	97
0	0	372	83
0	0	164	81
0	3	246	70
0	0	100	6
0	1	134	90
0	0	38	13
0	0	38	12
0	0	237	77
0	0	211	58
0	0	397	82
0	0	394	37
0	0	239	8
0	0	82	71
0	0	116	61
0	0	43	78
0	1	356	99
0	0	103	11
0	0	116	88
0	0	209	29
0	0	65	74
0	0	122	54
0	1	393	96
0	0	52	88
0	2	30	3
0	0	43	49
0	0	199	44
0	0	198	44
0	0	202	53
0	0	178	50
0	0	354	73
0	1	381	90
0	0	325	92
0	0	380	0
0	1	399	90
0	0	189	55
0	0	306	60
0	0	275	30
0	0	88	12
0	0	87	12
0	1	88	13
0	0	195	90
0	1	232	14
0	0	0	65
0	2	265	98
0	0	391	86
0	0	222	60
0	1	187	98
0	0	362	62
0	1	105	0
0	0	103	0
0	0	215	40
0	0	396	11
0	0	396	12
0	0	78	18
0	3	157	66
0	2	155	66
0	0	157	67
0	0	328	0
0	0	104	2
0	0	167	43
0	1	399	60
0	0	293	74
0	0	108	83
0	0	319	64
0	0	319	63
0	0	184	1
0	0	184	2
0	0	184	0
0	0	4	44
0	1	12	26
0	0	381	0
0	1	399	47
0	0	51	71
0	0	345	4
0	0	260	77
0	3	279	99
0	0	252	53
0	0	201	15
0	0	202	15
0	0	202	16
0	0	98	81
0	1	235	97
0	0	75	82
0	0	173	82
0	0	324	24
0	0	137	59
0	0	136	59
0	0	311	40
0	1	284	26
0	0	202	55
0	0	202	56
0	0	162	19
0	0	162	18
0	0	5	97
0	0	233	82
0	0	233	81
0	1	33	45
0	0	297	11
0	0	49	43
0	1	199	23
0	0	111	29
0	0	19	63
0	0	334	62
0	0	204	5
0	0	203	26
0	0	140	77
0	0	247	7
0	0	212	49
0	2	333	99
0	0	334	33
0	1	262	66
0	0	261	67
0	0	263	66
0	0	226	9
0	0	367	84
0	0	35	99
0	0	282	69
0	0	296	29
0	0	190	98
0	0	93	66
0	0	8	86
0	0	197	78
0	0	388	55
0	0	302	67
0	0	349	36
0	0	299	22
0	0	137	60
0	0	132	87
0	0	84	61
0	0	63	21
0	0	59	37
0	0	281	67
0	0	281	73
0	3	73	71
0	0	391	2
0	0	358	36
0	0	333	19
0	0	213	65
0	0	209	54
0	0	210	54
0	0	97	97
0	1	147	61
0	0	376	23
0	1	61	37
0	0	217	99
0	0	149	60
0	1	107	40
0	0	296	99
0	0	116	0
0	0	310	18
0	0	100	11
0	0	84	64
0	0	366	16
0	0	40	56
0	0	386	82
0	0	140	49
0	0	331	83
0	1	235	90
0	0	10	3
0	0	4	74
0	0	3	74
0	6	397	75
0	0	399	74
0	1	398	76
0	0	89	9
0	0	17	58
0	1	297	0
0	0	307	41
0	1	128	17
0	0	350	35
0	1	350	34
0	0	244	31
0	0	0	6
0	0	280	13
0	0	202	84
0	1	64	27
0	0	340	24
0	2	315	92
0	0	316	91
0	0	161	47
0	1	269	86
0	2	153	51
0	0	182	99
0	0	51	17
0	0	189	62
0	0	189	63
0	0	186	39
0	0	177	49
0	1	257	47
0	1	11	74
0	0	116	46
0	0	180	44
0	0	3	42
0	1	93	50
0	0	93	48
0	0	222	50
0	0	266	86
0	0	216	48
0	0	291	73
0	0	22	67
0	0	132	94
0	0	165	22
0	1	229	20
0	0	391	48
0	0	399	58
0	0	303	60
0	0	303	59
0	0	275	75
0	0	75	99
0	0	355	89
0	0	398	59
0	0	216	61
0	0	317	57
0	0	317	56
0	0	276	71
0	0	296	33
0	0	346	43
0	0	106	26
0	0	185	43
0	0	214	79
0	0	394	92
0	0	210	23
0	0	28	43
0	0	317	17
0	0	136	58
0	0	346	4
0	1	157	69
0	0	289	37
0	0	250	38
0	0	276	72
0	0	75	25
0	0	393	80
0	0	0	13
0	0	345	69
0	0	26	46
0	0	271	26
0	0	218	60
0	0	175	15
0	1	101	0
0	0	265	93
0	0	384	43
0	1	230	75
0	1	270	97
0	0	214	68
0	0	72	79
0	0	283	10
0	1	388	95
0	0	108	11
0	0	287	38
0	0	383	95
0	0	27	9
0	0	98	52
0	0	69	16
0	1	0	40
0	0	224	8
0	0	88	95
0	0	250	76
0	0	281	27
0	0	107	55
0	0	106	55
0	0	94	76
0	0	240	63
0	0	312	59
0	0	235	99
0	0	106	99
0	0	67	29
0	0	347	38
0	0	53	7
0	1	201	63
0	0	260	98
0	2	324	49
0	0	96	54
0	0	162	52
0	0	216	77
0	2	217	75
0	1	308	65
0	0	283	9
0	0	102	24
0	0	9	97
0	12	8	97
0	0	96	69
0	0	388	11
0	0	387	11
0	0	149	29
0	1	229	66
0	0	246	33
0	0	43	96
0	0	143	86
0	0	26	5
0	0	102	23
0	0	291	42
0	0	251	59
0	0	150	37
0	0	0	93
0	0	193	92
0	0	138	65
0	0	154	15
0	0	180	39
0	0	218	26
0	1	398	87
0	0	3	22
0	0	361	14
0	0	122	93
0	0	329	83
0	0	90	23
0	0	116	76
0	0	312	0
0	0	349	20
0	0	285	96
0	0	55	19
0	0	41	96
0	0	102	42
0	0	286	38
0	0	364	94
0	0	255	56
0	0	255	55
0	0	204	26
0	0	378	86
0	0	103	36
0	0	327	18
0	0	239	63
0	0	158	99
0	0	243	47
0	0	173	53
0	0	339	93
0	0	198	76
0	0	397	18
0	0	213	0
0	1	240	0
0	1	110	1
0	0	66	94
0	0	79	50
0	0	82	40
0	0	390	42
0	0	124	81
0	1	101	11
0	0	230	22
0	0	116	77
0	0	102	44
0	0	290	85
0	0	163	65
0	0	344	0
0	0	350	60
0	0	222	5
0	0	193	63
0	1	132	72
0	0	132	70
0	0	346	65
0	0	29	50
0	0	347	69
0	0	230	0
0	0	237	84
0	1	21	28
0	0	130	37
0	0	378	32
0	0	277	49
0	0	276	54
0	0	89	59
0	0	30	86
0	0	373	73
0	1	393	35
0	0	314	95
0	0	146	22
0	0	200	35
0	0	331	72
0	0	332	72
0	0	245	71
0	0	346	3
0	0	299	24
0	0	210	29
0	1	180	14
0	0	55	44
0	0	137	31
0	0	137	30
0	1	234	1
0	0	12	84
0	0	374	5
0	0	230	99
0	0	374	75
0	1	343	91
0	0	213	99
0	0	189	36
0	1	212	60
0	2	53	64
0	0	392	11
0	0	260	10
0	1	335	28
0	4	335	29
0	0	336	27
0	0	392	36
0	0	148	85
0	0	365	95
0	0	303	10
0	1	353	4
0	0	327	91
0	0	343	41
0	0	365	11
0	0	226	15
0	0	21	91
0	0	20	91
0	0	246	71
0	0	22	99
0	0	303	30
0	0	3	21
0	1	215	99
0	0	27	15
0	0	374	76
0	1	24	15
0	0	241	90
0	0	0	34
0	0	174	91
0	0	234	15
0	0	233	15
0	1	268	46
0	0	140	41
0	0	372	96
0	0	399	88
0	2	33	1
0	0	32	0
0	0	315	0
0	0	378	87
0	0	313	88
0	0	215	52
0	0	287	65
0	0	69	93
0	0	175	45
0	0	291	7
0	0	3	53
0	0	345	26
0	0	102	47
0	0	62	36
0	0	355	67
0	0	330	73
0	0	106	33
0	0	70	36
0	0	58	39
0	0	339	94
0	0	55	77
0	0	112	50
0	0	317	85
0	0	338	82
0	0	44	74
0	0	175	25
0	0	149	90
0	0	166	96
0	0	280	73
0	0	100	29
0	0	259	20
0	1	338	13
0	0	135	74
0	0	389	27
0	0	389	26
0	0	218	74
0	0	248	72
0	0	277	54
0	0	119	45
0	0	0	51
0	0	383	12
0	0	212	63
0	0	209	42
0	0	317	37
0	0	104	48
0	0	324	89
0	0	324	90
0	0	369	86
0	0	105	66
0	0	261	49
0	0	311	79
0	0	186	95
0	0	374	79
0	0	100	16
0	0	171	1
0	0	281	26
0	0	278	48
0	0	197	55
0	0	46	67
0	0	304	84
0	0	234	88
0	1	204	27
0	0	375	62
0	0	89	47
0	0	227	76
0	0	47	44
0	0	216	99
0	0	189	40
0	0	361	51
0	0	207	0
0	0	30	51
0	0	29	99
0	3	230	76
0	0	339	46
0	0	76	12
0	0	280	72
0	0	295	39
0	0	152	12
0	0	296	2
0	0	391	11
0	0	166	51
0	0	319	83
0	1	190	68
0	0	298	99
0	0	35	69
0	1	103	99
0	0	93	95
0	0	178	99
0	0	2	81
0	0	250	28
0	0	69	4
0	0	68	4
0	0	67	4
0	0	11	99
0	0	109	39
0	0	98	73
0	0	234	71
0	0	0	0
0	0	383	43
0	0	131	38
0	0	172	33
0	0	178	23
0	0	298	47
0	0	316	42
0	0	313	95
0	0	155	87
0	0	239	29
0	1	349	33
0	0	157	79
0	0	186	14
0	0	392	10
0	0	53	99
0	0	231	60
0	0	85	18
0	0	305	42
0	0	298	48
0	0	395	0
0	0	229	99
0	0	19	12
0	0	392	52
0	0	295	57
0	0	137	72
0	1	14	0
0	0	312	94
0	0	241	99
0	0	93	60
0	0	92	60
