Fractures for: Job1
0.02058593497573824
0.30949697338991555
0.31777741177732466
0.11778751560148493
0.28721552200939371
0.14997083188075067
0.22568843827108864
0.18328572593950554
0.37423125238044719
0.38456680241465691
0.39222149821627994
0.34727763616346152
0.41552700405310006
0.039737376462497309
0.42797958275993864
0.076863715099314334
0.36809067433405218
0.060074324868107709
0.16918092754989544
0.2893499061263185
0.40199267910234227
0.21752196363567577
0.42736533281744471
0.28594898994992946
0.43412304216709074
0.11629651608227931
0.19109414455220985
0.13117240857711465
0.15609657701203972
0.087272446703078543
0.066883668064594559
0.20119751160926214
0.2196288986943884
0.20183591091981867
0.22975938882932212
0.24328183815794091
0.029758484765075366
0.20390900941632495
0.30218016958531635
0.3568514104524283
0.026804218432939564
0.059471017454342245
0.36000036345981457
0.3753479137811091
0.058630058404098406
0.02476226924751046
0.18551966110356943
0.073558368801339924
0.19706469076234967
0.072190977524083877
0.0059644151098154907
0.21870176665105134
0.26572317636607679
0.11975423620622294
0.073854513350024575
0.1029817130314008
0.1258145733927698
0.29483800436585739
0.30743967385359738
0.33344198659592195
0.17361388953164436
0.34553806289168421
0.073228351382219614
0.36511469356791082
0.017408995469626376
0.058117362905448999
0.38234892593388636
0.40479779950716832
0.41883160720431434
0.43561632174222709
0.44090544338153492
0.34768664948266093
0.45533517951002977
0.35855158632530859
0.052081623700733104
0.10418762532954062
0.2244410720478669
0.16418938865887256
0.11661097452846647
0.25127892527214613
0.27721296209463375
0.29890653774564768
0.34941297025277152
0.3377177534516882
0.37544484968662317
0.14525517768499441
0.22600740156136467
0.296537030688242
0.33895652686437572
0.35602289311812996
0.13864659072951468
0.3378191382126623
0.18582811208646888
0.22756954535805107
0.20113330503489379
0.069906644146133345
0.0099089765225706117
0.1182223318188278
0.22088410877721287
0.076070040199891054
0.027634377898490214
0.16476172679047707
0.20262465751986625
0.22848325663717617
0.12091155599622994
0.27274590025626466
0.014946948896309209
0.057913868579099415
0.30466281208515511
0.32265553045379392
0.033110150643956615
0.18402250003049403
0.3090986864626899
0.35585921702189083
0.36035545311400341
0.23659443198599561
0.3338258677807886
0.28559199111027667
0.029339175742759238
0.31034428894054855
0.10173053705841184
0.059314128252520248
0.35266237960308189
0.35765129763742465
0.017461663532301941
0.052668634281314297
0.19797626573432225
0.33739509065792817
0.0071629947900682112
0.076372974516665693
0.058334836127553302
0.17507347951353225
0.025012816423366502
0.089113294224713258
0.056850600165279985
0.1985639361759084
0.11925869465882499
0.25367289977717178
0.36291012289692404
0.088262913617871419
0.16787433804225316
0.25327202055536091
0.2173071862296112
0.057439655649087484
0.031828908041816817
0.065700501693754632
0.25453545391688692
0.27215723857029772
0.30296566746940101
0.049786841230606171
0.015139071721577579
0.16315419050053492
0.12690223461812522
0.17610618512685861
0.11230955998767556
0.31676755003141821
0.038564530793049556
0.34124140991344021
0.035757699312433999
0.17399319324628948
0.27169655171324081
0.3648785923660931
0.21138657157232998
0.36948104854928587
0.26420598794659611
0.37223903592686725
0.37263767755032973
0.23419036918841485
0.37441114295913991
0.16886385548058414
0.37790301086232958
0.38954153026165272
0.22872131084796976
0.29321495387528174
0.12449336002757505
0.15081834072010025
0.17768330617366246
0.22815710799802602
0.076480522334154699
0.10829210600099515
0.39071905797036166
0.26342230669314404
0.32059226931283646
0.39344177699919314
0.39598715879589363
0.28688708979749933
0.22029686565804596
0.39968017750798879
0.15511182542768864
0.31045069769716704
0.01583796383381042
0.111310561850825
0.33272856005208595
0.37058722632665209
0.11787653159023748
0.1170531882121324
0.32897908142258458
0.32399536907205473
0.11973294240166865
0.16629072537145007
0.35777027195684852
0.39979337410960625
0.17869645445536619
0.38438551945552391
0.15716942471343032
0.1227250715941075
0.036996433378508442
0.36638781744054683
0.40062514095568247
0.40145420437437096
0.21489974838841874
0.18127080215178992
0.4030164515598571
0.4033465731566146
0.042918254288647262
0.40427940890302239
0.029588713239139253
0.11126383028904385
0.17563507650198318
0.017868546601558677
0.27817019406779764
0.091716315433650664
0.28076567211219938
0.4118681189515172
0.091453346920211231
0.41964009699317018
0.38380341626121606
0.24942192325901757
0.42051893849796684
0.42147814393088368
0.42447621328407337
0.4354692086128793
0.098557288642293628
0.38979912488558099
0.4501310402021339
0.45015013568847806
0.03131655690676638
0.16872109630221743
0.0051536781023031608
0.17774689055688597
0.31391234826675429
0.090996138508661062
0.10978659746475827
0.16939537735444787
0.33730501183297434
0.41537698872159368
0.42514117545147556
0.44823565212819716
0.3488631959391526
0.40442953068948384
0.10098266650101095
0.10544577971084479
0.4151784957966882
0.1445691462574743
0.24493465200788833
0.021776230611727954
0.3001673279358954
0.058328486811479507
0.033757517026518968
0.094155341848690455
0.32273540690189861
0.39673985678907542
0.2507260498971462
0.45236674491629003
0.043870900203963004
0.24781950642934447
0.3103013433536681
0.37428460065379809
0.34079771240686441
0.098234323144367863
0.26395177114754631
0.20735304208474403
0.064478151935325911
0.36903893750389827
0.41414506879837631
0.28799643013572762
0.016777147755945521
0.045625931117406537
0.16768541159089878
0.16512052352477369
0.20510254668457506
0.0078232357700080968
0.015914567801992519
0.2490662866719795
0.048411210425392426
0.1623894897683158
0.2270741402280656
0.26079167059047847
0.2635933416417906
0.11066997314573612
0.10852936000559765
0.29282939911010075
0.075078107103969671
0.097270269344477356
0.3043265280492804
0.3414244591942257
0.093306093385592703
0.3979407299145663
0.38193871368264709
0.41167917014219668
0.4127004598508961
0.15681067999164
0.4367649922726109
0.10155479297793946
0.24956969572448884
0.28791175651873502
0.19460189082207791
0.14521852545813729
0.19532906577349962
0.12671346841001707
0.048172645896283228
0.35879919120223747
0.044002722290649388
0.082008283627303058
0.06053084488737781
0.14487833597314648
0.029252732529752024
0.047397617349410837
0.36012646132121873
0.18374707735435436
0.36635387540993136
0.38446056415500252
0.24694780341962996
0.39535025059386442
0.28616344571488739
0.2585308597028515
0.3064855618692981
0.096706360899634802
0.2470172205945147
0.13508170312621459
0.20360214112332642
0.25579589660451063
0.22905835063051327
0.24560210500490243
0.16794758136476418
0.011499570461396047
0.16602435908627555
0.023550994743342102
0.17546794140023181
0.088806530968170705
0.1537388412761409
0.046321141043247138
0.087321769520375625
0.086895668229626466
0.14325281599500528
0.21082455469768036
0.21354083229979182
0.21734582356733156
0.23223023949430299
0.11276678009925689
0.24194396966104392
0.27087268264230246
0.20506842114643931
0.080012408092191123
0.072543924156100559
0.21239244274312341
0.19352682438255542
0.066381641024527482
0.28624590870090927
0.16826771502478977
0.14979079959327635
0.12000030174190357
0.0047248509636972358
0.0068596974332635341
0.16259348469954205
0.2246386323798788
0.10246444299749058
0.040154788950875542
0.090648422755506886
0.049518246416589307
0.1943018522549842
0.20374001917056717
0.0077025017968388454
0.27471845978327636
0.29555584787297917
0.035938594185346062
0.30078557055604804
0.1907756686140516
0.32992859079796588
0.33814153386708057
0.34745242749468375
0.21728625010510427
0.3721919736584276
0.036243688311500932
0.13106165541528725
0.38332814872248022
0.39176388870922096
0.16709271420497984
0.18033346548274665
0.39794723415150202
0.048738789371114422
0.39991845523886838
0.40941001179251657
0.0061422646524071922
0.043232754482012581
0.22172909910693406
0.22385489918191581
0.21106282468696946
0.3311983313102651
0.21406349726970575
0.092901848291766953
0.38861430268673658
0.018017791342657574
0.32533904224570875
0.28479916329242627
0.060521814966680409
0.26729908193107121
0.39506576803185212
0.096261867081285146
0.3256301913587123
0.39621425747549921
0.41676316244939215
0.14863698110040957
0.2564891637453286
0.43310625069885944
0.071770655369856939
0.43358912330087307
0.051415835685205025
0.28257246807908132
0.20358499446602352
0.039384504594231373
0.10213148545881268
0.074622157662581401
0.24918458826546797
0.25133665692066742
0.40375969413211266
0.098529336901084008
0.16218914709270749
0.32279915865362341
0.34565049207954957
0.3574765283445025
0.036671788696093444
0.066909371110924099
0.41341173161640654
0.10906725435843967
0.37935328732128681
0.030563277972362357
0.2604331638689672
0.36776950320619761
0.078744797033870384
0.1276886254318832
0.021313216119938971
0.17270832679661297
0.17416454782239654
0.27899728760440823
0.048768584491263312
0.027272643153228415
0.11530072592445961
0.27757020726778237
0.34360836129604166
0.32716691331737735
0.11913761343048535
0.023544406124045736
0.044476214816732806
0.1277348095329458
0.055535689418722001
0.15751216142234981
0.19576947753765594
0.11416187606984352
0.20063961279187126
0.20385515240223739
0.223776202837211
0.32326784647907303
0.23638781132956055
0.19589631604431545
0.28623012042890394
0.024673722348264704
0.18053753298679354
0.1749408219143298
0.26134408755240202
0.073812907651277015
0.28274841131629103
0.19764711321467843
0.32594293647822425
0.027299702534410386
0.26521503073139741
0.23048108570874248
0.38157926253254359
0.08948040339885921
0.36699940008644916
0.1566351968154045
0.3911853211842633
0.21173851335704796
0.35789752288119203
0.053517418260181415
0.18411825377097557
0.20097193754831366
0.21061956986837416
0.21505412923498213
0.24695038502796507
0.27092270173203303
0.27531858257877673
0.024578671078749892
0.24288123392533123
0.28848525803439529
0.2917444583738984
0.29220487765998726
0.093424954415009864
0.29405352354817893
0.10726241560379535
0.3163756921373917
0.32646766889886081
0.12204567461732196
0.22455513229700585
0.33887763741113375
0.077651711648012878
0.02057281594344218
0.20557372896376691
0.28595367742360622
0.095189433566222448
0.26445619047986213
0.34741888014270828
0.032199542672092463
0.17169574867302373
0.1997480972777872
0.19848339403432647
0.34103417859888197
0.13545133099625772
0.39997742030450212
0.01407184808265427
0.23732547040148688
0.33874809815115725
0.23031914635158657
0.19884621350557907
0.30472404442983247
0.23727783128417457
0.28280005825653376
0.40198380164037673
0.2833695818580324
0.093211856848011365
0.40434132252244481
0.076154026860621116
0.082004923150602593
0.13905573702059826
0.18319858336952777
0.27137833117993893
0.17289938853993903
0.3101286212049601
0.074846088636874697
0.23752879426158913
0.06909449320990646
0.11475391102669619
0.25884388027464311
0.3426134354973307
0.37856288350316802
0.39315676752512019
0.283268550188982
0.27679011361421146
0.41053891881226079
0.088724843382205876
0.040219558245418341
0.32890367745947913
0.41607468893351296
0.032008081064908822
0.42533317321016284
0.42756642087161723
0.28455696583440471
0.1357945178595763
0.0089702286096944306
0.00036430797178255148
0.055622389703209763
0.061467683599975231
0.16000809109475611
0.21805119342251089
0.40922174794030042
0.086517457890504801
0.43318508244774634
0.43678827984572166
0.038978182358199831
0.29626441085099842
0.36820360532008678
0.44373839523048986
0.11860951941467945
0.44818186390885018
0.31100342727225438
0.2223460126156418
0.18079849816721349
0.4066784453724317
0.24367503563228965
0.11986746164021511
0.4161012404745783
0.40995949080126337
0.047638837386671185
0.27940766110395643
0.28135193689861282
0.31417986007566867
0.34927028493793699
0.18141968933687735
0.021066261537260544
0.43973485124052303
0.032290708127774792
0.032707262936810366
0.18657697395382655
0.29371609933027187
0.37034811798975298
0.40097763021592669
0.45137821678975598
0.085565820131929371
0.45663698958568588
0.35119914865011737
0.45675843787948978
0.45713154965634573
0.39934201426734006
0.29163976074390519
0.064913245427685951
0.45900897137391183
0.45906730978394705
0.45960865828336139
0.46019354571378912
0.0026883542035314179
0.27280440730427102
0.17904021355239053
0.015020854286436958
0.17277295430191586
0.12723285502805481
0.045789237346600231
0.04599583980035149
0.13945644741923857
0.14758728600207149
0.14935530564156352
0.10290247540820729
0.15838627207115508
0.23940228528057972
0.20032211043898585
0.2316775136215341
0.28226320229498469
0.31132684894956597
0.045678331817953222
0.36401803293682988
0.16969078139116078
0.43606285833502056
0.22946919173493896
0.46465422297518799
0.20348488643547213
0.21973268393761103
0.27176281276922865
0.032086486417405524
0.1402395899428015
0.04900584931526808
0.051737222615951595
0.26827300350054983
0.19365885092441459
0.31731650308670112
0.20935911525556961
0.083666085270586166
0.32192092478015866
0.33606589127796127
0.3378246113415031
0.023495638331187507
0.27305277719880294
0.31729057490596091
0.34653943689682976
0.18959396024746056
0.29864574065934235
0.35476177754899041
0.079689988530741829
0.38145578426622961
0.10568372051518438
0.23295163739035729
0.30010397503203023
0.38786855704002221
0.24166185944811858
0.42358728890314978
0.1554421080151478
0.25788723616538078
0.33076399819661972
0.42652216648809116
0.45166262536893953
0.13228467697911483
0.12585516663391871
0.14411077170137787
0.18459147015679633
0.053060229976743756
0.44937376858310429
0.16750227543104401
0.405972246459676
0.25333845295815394
0.46505305206785508
0.088153797424094904
0.30307724448669049
0.061245529691490219
0.16101866826234357
0.078290396726909961
0.092845954656972651
0.17565750491243293
0.14174787348262541
0.30347183955459656
0.030909411431622402
0.37938028773460175
0.23179674838753073
0.30631645344314862
0.38561476306570341
0.38886209658940629
0.18901303113334222
0.070899241861916096
0.078975749823012364
0.42328183641751593
0.46387953525624681
0.15837475456411099
0.21251574417306074
0.17347914942437725
0.24529879833026769
0.25725528583215151
0.036910184200706908
0.19734028557334327
0.2715772990132912
0.29472782527929553
0.083800477919236727
0.066048829475867876
0.19274636543558543
0.37135226422605427
0.39807182924282714
0.17959613087755244
0.11811247369556455
0.42231708133483892
0.44902795413459629
0.46517349136413344
0.42998293694098777
0.46517747265902187
0.013888452002198903
0.2150995360354635
0.13073298361178232
0.13181118350897947
0.26921068183462182
0.083472685995594986
0.18054174202651296
0.069942967144253743
0.072839063601225718
0.12519184654793136
0.10915847140235257
0.19900785457633319
0.17448975178837145
0.026173524880611865
0.20771442877041224
0.18649657296680289
0.26465520014419042
0.033837066434731611
0.29267701742683627
0.30757362305979896
0.31602116889985155
0.13691242238962431
0.33632939813159268
0.049422164289818937
0.35054881974277663
0.36497219525272229
0.36847957640132734
0.1113824626467057
0.3841297830423116
0.37582948151286999
0.10941750913607606
0.10802547170744603
0.30921185281021124
0.19344801981823068
0.17292702680748206
0.39736540438926937
0.017028590845850289
0.020020790642000463
0.039825739620624745
0.38041442733103636
0.43961867615377415
0.1858740136591841
0.46139976518394832
0.41238826209348645
0.46680064695860679
0.19523443596995804
0.20053218884640245
0.02773680334866313
0.05787961224386251
0.20644543729755682
0.27218073457256153
0.12616550705825702
0.30561913098135562
0.083597243745465732
0.11353609061568903
0.12304749452549402
0.10776636995175792
0.13974303823272294
0.16286447178731223
0.23006363937163243
0.3160202695710268
0.37310458255894119
0.21609607148391774
0.30814942223851105
0.40126468505141588
0.42073337280861622
0.11062292235422788
0.044598515173916553
0.17960747501717833
0.26370042202542976
0.12660013218551569
0.24356191106332759
0.1020471099093534
0.055362090324358348
0.30270436374718201
0.174983435093786
0.14181258210315306
0.17297112022453476
0.2351245302940761
0.36689257936698993
0.42179297836089091
0.44096883038420742
0.4587727689766119
0.23964641954126265
0.022956634639612616
0.44850111050387298
0.16614117566101427
0.066545524661151489
0.024962809116942708
0.027232634290633939
0.0451342285542502
0.072457771048473063
0.073860633859855085
0.026670595376437234
0.17795437688317506
0.19499043330217347
0.065569874452833687
0.21041193409011782
0.36333660866756645
0.081317479210138544
0.056288427157518583
0.010213723888821136
0.043449848553226644
0.090778281965175012
0.10392849213954491
0.18505179707144137
0.29926122171029235
0.21361550924286021
0.39402095912970125
0.18679564867519005
0.35023900342309844
0.41588450707029168
0.34631176908688133
0.067306636384476093
0.11510187286831908
0.14788219821277337
0.36518144704654887
0.0080699206074932306
0.10240991407461664
0.056184848550064004
0.061176184373984199
0.31861839956391691
0.26315396561993865
0.051739850431832934
0.28082921626717194
0.35349397440840846
0.057669881834176095
0.36855360155820094
0.27488680236294272
0.30737489470361723
0.10712155870528406
0.044317505915532962
0.1147041412792511
0.19301246756595702
0.036745341479438309
0.20568496950835069
0.020551458024613112
0.23787358628334943
0.21491839453666373
0.02522518442690469
0.088337303646834897
0.015293262254349571
0.019856345471527703
0.20732909637989394
0.12619217580152409
0.058985797283117591
0.064991877105875062
0.0015706751559108056
0.075901287482942337
0.12774852863524799
0.12980230919901814
0.053542789675134372
0.10665284346388759
0.14110995890111511
0.23831005116625192
0.16362523068078971
0.24075383129553529
0.17119918853183691
0.25947484221843808
0.016437391220041064
0.2674538356424776
0.26230210011265598
0.26762154259517956
0.13733521579558428
0.31258665687136755
0.32090725047248725
0.33621841873200964
0.35367196077643115
0.35509773212055862
0.071179876416906041
0.14761972174090943
0.35826780168590844
0.38832841133570994
0.41102095213619805
0.041414726659077417
0.042872624805568194
0.1419928069836196
0.33305701416031397
0.41676709608609741
0.41745823124469084
0.19564674844431096
0.24160524996828059
0.20382899516386388
0.42343632099066042
0.42965166836219382
0.43728878916192215
0.44487823449672348
0.32413738122982494
0.24790359064296297
0.45114248727353257
0.065067256467951751
0.19247957966383566
0.20816344912316964
0.43161725752902669
0.33445659751311752
0.44659474133419508
0.45329600611262677
0.089728694749936722
0.30365045607365104
0.02332514498420224
0.2130911625676859
0.45745547469364922
0.087962276129932349
0.46694435066142503
0.0079700676812706206
0.40169948660283339
0.11317608495118137
0.19867263893657849
0.23412800047725923
0.20697446874212844
0.16403000180173777
0.3134217518249045
0.46900612916485329
0.47322675933695635
0.47397604115043634
0.2315666739676665
0.10820379707851302
0.15600880447263421
0.36738250447627152
0.0024068600684401531
0.38499448890805255
0.10633068689935143
0.056898553141511599
0.20657810079883632
0.11174599059872747
0.11445655651142772
0.39106718588207912
0.39996057941491969
0.43384368379869898
0.44839317243559762
0.098723806795394609
0.23286525615436204
0.2953459052970544
0.28438668167450487
0.47426839125002473
0.23953720474143836
0.10212504359949648
0.0089212743053224131
0.20717743092346197
0.29583668575957134
0.47435402902454271
0.47438559580576722
0.046206709210277808
0.47558490567961087
0.07755328015230134
0.32707402990467571
0.43898809683794937
0.44130754209579592
0.44746503951975924
0.4517932602458572
0.04029012992115355
0.098793556963439499
0.033642540730379977
0.21795796089731212
0.15984417038246335
0.41168262753884122
0.29792910207504519
0.12743355104539233
0.2406268591210079
0.14303816902828004
0.33530110798649204
0.021936163514880036
0.17932818291619412
0.24995174342074122
0.31883644620362617
0.2621732194524391
0.0045947459157957837
0.033544703555289601
0.070875589521243398
0.084956101599043876
0.10380723475778098
0.25551028031247114
0.26827868673625233
0.30183921585853213
0.1107774268241748
0.030250475585770431
0.30320757163964984
0.035257110785263279
0.19763558495738565
0.25119535323421616
0.17113446307213209
0.0058187642891205371
0.044710045837426549
0.28056960393620045
0.047888829462447546
0.19161318142359463
0.16872754894774289
0.2820393761714648
0.018541956659163361
0.18701573806017535
0.10178365783281862
0.15416145527692393
0.1913383794355461
0.23938499734347474
0.30691005495867429
0.33472912825491008
0.35726283032130723
0.38326732019733356
0.26235051788759023
0.1129226827277563
0.2285878648169799
0.33965094318363498
0.40841729844903796
0.030258587400290082
0.45114348506573165
0.45209242326449584
0.46584515176819252
0.47594521314539762
0.050753985804924184
0.078570218434510508
0.027485456107058326
0.37133379841031555
0.10123351646362622
0.16029441354313079
0.22553955205824749
0.14781268898765987
0.04232019861967018
0.22211422748966925
0.30587384395892769
0.18322467129289421
0.37739329897998175
0.41034792489502081
0.45862561592032236
0.47633946303669106
0.13540497127075923
0.040632280634813611
0.36459995018432068
0.049432642950673511
0.071101966270560979
0.18129518850336623
0.47712747644139952
0.47733605347555752
0.12788240681885199
0.015525637941795623
0.05489022942282773
0.24239274674735967
0.12244421073780742
0.42287486126998886
0.10819922844453345
0.33777757621569648
0.43633750927930492
0.18812800877811142
0.43661207495719623
0.047704772759981751
0.012235824758320746
0.47394621063434172
0.11508407872941007
0.078052715988665256
0.078135634050532587
0.1499702915921155
0.38799901618393662
0.30080174993696218
0.14955627865600718
0.26796483638590374
0.0017522625022330374
0.11770313832126433
0.1387885685976471
0.22338428870003568
0.11531068275311185
0.32452125980479707
0.39460337710442772
0.025923208311244395
0.30022340982056406
0.01186267625563886
0.062834110606310389
0.25963692770839941
0.41354636255148236
0.45708389432148877
0.47236616845568946
0.22513953665705344
0.25164603930354446
0.13247903991632271
0.26283575679352822
0.30924457388199755
0.093950782526153631
0.28817599855949183
0.32392634838606682
0.4778112963179808
0.4780873661194498
0.34446799900840119
0.17501172466141668
0.28184416182761396
0.38238324384341738
0.47589094976882507
0.14341088288170667
0.28998457754239837
0.30736058083786588
0.20736160499765077
0.090671238678655897
0.31768247128081839
0.34132337183618588
0.35276827867481941
0.053321511175365544
0.065685848195158769
0.3085948164725103
0.35540030969586667
0.057103554159976255
0.064908417091050552
0.079203394727567655
0.25468608257227743
0.19765010168825725
0.19777147208174739
0.19621580781608827
0.096166766260200376
0.24069196504470725
0.12693869984254036
0.036020105340490716
0.35762678003555237
0.20081831798559691
0.29756414983371116
0.34382648519443748
0.34817023148203674
0.04087043261189649
0.32154754075205005
0.19016869483507293
0.28765800862149504
0.25893150398924547
0.34655512230193608
0.17312674302382547
0.02345010023478622
0.044192891699477599
0.016714494775207811
0.17943160179220996
0.15762844446642532
0.23376217953269318
0.30230341035266761
0.091999280457049082
0.17087545705973639
0.21221269398903075
0.27932288866922406
0.21241752452874607
0.11925537565470279
0.32832589181315797
0.027213880986568739
0.12189584896882266
0.088024933414843076
0.28500392688629006
0.34536253749125478
0.06809207390097427
0.29669458253354364
0.26088839532230779
0.11230308904328723
0.2777292665375839
0.34796337479232164
0.35519334690502191
0.16777682709777508
0.35559086819312924
0.25236516640568851
0.37329960814778573
0.3961703642535177
0.003178169779193496
0.14869410484832102
0.37088632089104223
0.17560214368942084
0.39725969455236765
0.19863153386068433
0.18348740382294082
0.23471857314025968
0.26698476200645871
0.2421000817184833
0.047625057853835528
0.27372726254200686
0.075636282456461146
0.37523125577101268
0.29596848182788094
0.4023612783630881
0.40549684455018209
0.40595459398526401
0.41534033311710772
0.41913803216352363
0.10293398976617496
0.14058208059462984
0.18289924285587489
0.4406614794140431
0.44629912262803728
0.45363316927469555
0.14718631519259873
0.45375143320062605
0.32964173993341461
0.14035538854670193
0.15019120664622676
0.36727820117077314
0.085463514445411448
0.11794473705538167
0.21298511084184213
0.25049564497414778
0.15497099574659146
0.20553667875445925
0.078273193829510035
0.20730922977975652
0.21379609277794387
0.0038357457416111629
0.014185819734713334
0.22587227676054056
0.031062184836113005
0.094683809016991916
0.32476738090759838
0.3942898808023223
0.016930962976875463
0.41189284136877546
0.417552894198149
0.080429595623243699
0.045483917164848009
0.14922573729702648
0.1048033094816212
0.12730683573775536
0.14143127270546429
0.13823582412270952
0.23941674792548895
0.24510816987402251
0.0080940467923689141
0.16928421814287731
0.083046282257267734
0.055837278432779414
0.13711948401929064
0.2168445101455525
0.24883204643911228
0.24903809365100926
0.28533435681294606
0.0071162692472022115
0.13086604210204555
0.26012014237926095
0.30785625555263607
0.017634665338981392
0.0041057499661967256
0.01234586084651923
0.31570568518468889
0.25742911891616771
0.061812913371451117
0.19596299754620716
0.33304593442615982
0.38822996125532327
0.39567697245171374
0.037496900900670482
0.012502074289720611
0.41200213025302901
0.41492037559741846
0.4325488102451196
0.41623138097140355
0.1850445990983971
0.40664404449780989
0.43133315965727093
0.030055506041925639
0.28376780742493679
0.023967967042199945
0.43269801733741886
0.43416270971097859
0.43829146542777053
0.44500286317031623
0.21209803670474869
0.25388903629384885
0.15391148599205451
0.31629405031668156
0.16975269020430872
0.25574687799420914
0.19283588528079676
0.10492485319806377
0.233029357705135
0.37520260389886673
0.40668809567596398
0.42373948405978723
0.27277055810479567
0.023212150173154811
0.068208405135163019
0.0047285329461637104
0.14083871885348742
0.12910492333647383
0.067976126523543456
0.09009744543053344
0.10945866152745154
0.12112412183575927
0.27193702143755871
0.11967161264568205
0.29065205675117411
0.25928648361600892
0.30405559134255356
0.20168021614547627
0.30618118577158882
0.32307346640143919
0.34303196837350214
0.34682929507714633
0.22882938526573682
0.35445970590438591
0.28982528930198015
0.37066177125821653
0.41154052671150865
0.40388764832240298
0.44441695237464884
0.21273558090093303
0.042210315822440947
0.14420664910916869
0.3619341073902369
0.12998313948444462
0.4092946272457425
0.45669416605026569
0.22402047773215372
0.10464571401539402
0.20681032880543881
0.25070417879259566
0.35409936907144512
0.45908465107330798
0.46013602589588487
0.24071692695488167
0.091396440594348149
0.25207353301894386
0.36284874004966028
0.46615745609115677
0.21908688945564236
0.07972241462702101
0.09842264316577598
0.47017078217594488
0.47817758967605783
0.14641042878660926
0.47851895907922426
0.013073105386347095
0.11918635406201616
0.21355715738707559
0.035426622300374078
0.30275781122222156
0.072407587807582274
0.33461194363299285
0.089541028051836946
0.1865345633079265
0.0089204877559083684
0.22412769650837916
0.2674596669441236
0.28907261108272664
0.36958590473623687
0.16356856965583333
0.0017279025333110098
0.16366666982665379
0.19033819197044011
0.23714678115954158
0.38053880734037548
0.14665430072451713
0.19046484883191894
0.16107132828178194
0.14209332690262144
0.22400564273988266
0.30875254404175223
0.38650438860462799
0.37231540784650363
0.18202699790399279
0.39014845116082242
0.3933687573097373
0.29351385555934684
0.42992773076159452
0.44196763217640367
0.037814553813973362
0.096470871212822829
0.4086964377755038
0.44913867186113521
0.19831015494100512
0.42565470125124705
0.14608136583265008
0.47181993302135083
0.25873680597227278
0.27014820398127526
0.16452449066440877
0.092195324622618813
0.096430714275953733
0.35537800517640861
0.094438305570474057
0.34141473581113146
0.22170814228099545
0.2318653878139294
0.13958430154007573
0.28532214702177328
0.30306211297673968
0.32561893681918264
0.04378922063347801
0.16872700285829723
0.27534891690783425
0.38232982414496774
0.38751583674045875
0.0094445381618051272
0.2903560809798762
0.15350352998401817
0.20433516808605034
0.11585359595671818
0.32884609195957282
0.24157483233909005
0.19553999757824059
0.36407144536362424
0.40604310645023034
0.12308710027484437
0.16788878723542666
0.26469277235634792
0.14054704122091621
0.10052945093935861
0.18787576267330763
0.16689443780465041
0.2040406924245417
0.40617255138987218
0.018371898253885632
0.13568452155661248
0.24462629179353002
0.07409897706237345
0.14586493511845688
0.20873120291959424
0.28102958561208524
0.043055011523328801
0.29357115024412295
0.41886836456167842
0.29364915590302587
0.36608803000370216
0.40295071538306715
0.43827818393813089
0.021370917337108608
0.33837771061354971
0.14118120206904905
0.082134861449205232
0.057633392698431152
0.071491334251792438
0.32160887559895812
0.18639205057499808
0.042525560609377067
0.29693574371062681
0.33354112181093498
0.050778077225601237
0.062585432151220033
0.10886055623806357
0.10119893123367518
0.11720359009808945
0.16968646575855217
0.070307632451658719
0.37389359213416995
0.034975466810156064
0.35025005106370699
0.35082702435688518
0.33297071825520419
0.39191706140174176
0.30274399254065898
0.36168088020042433
0.40913339473505417
0.1808603772607178
0.30804154233649683
0.17496213095646596
0.41127490815105361
0.43673567847403305
0.25605721485113619
0.47059088082541933
0.070063098441483618
0.32932186879993708
0.15178144863444842
0.229346137310106
0.097398604565110958
0.23442795189513177
0.32972996177229064
0.0094116711271112763
0.47636135916323141
0.39975252920990556
0.47865424461860684
0.15104855494735858
0.31990564596341997
0.34079322610830332
0.00043954490978137528
0.20971396097350592
0.37898761775109335
0.10061576056638089
0.21717151988429606
0.32654251849220017
0.39138011901396297
0.34416096666677731
0.20871818699049172
0.0013121634894552869
0.28163161784987167
0.095597979664916011
0.15609002096627123
0.25810443389767812
0.31001050274586106
0.073776385588487869
0.06704445350029431
0.0064015023973809093
0.22245158410409971
0.25923093980798129
0.096219739015253936
0.18001932027139844
0.18844418292429665
0.15371223675476386
0.20382158915110082
0.16096553036807748
0.17946870040525909
0.18587207895324909
0.20590685852483404
0.2209906551741696
0.29320806912363651
0.29776428354161766
0.11107993026410057
0.091700912165496362
0.059559608932872266
0.32384149880024538
0.12848181262113201
0.12767503104242905
0.33361705421810584
0.33484096330685631
0.014199234708900832
0.35424717421264518
0.20961239848164581
0.29710211696088962
0.081020965644437837
0.12713465106324406
0.11110303772517582
0.11330446217504431
0.13388544962983318
0.16265337981995387
0.35568801914565995
0.10561787736063266
0.12725441972405704
0.34492084663898481
0.025195214963602552
0.066160004599602473
0.26068527571462141
0.23278479443435884
0.36040752850170321
0.079719583745120559
0.11918333408327797
0.19715957949808782
0.3693186841498779
0.11510547317460151
0.067811239011341229
0.16369115972026194
0.15129680865418038
0.18211819533740226
0.31737567403263256
0.26751094687459442
0.18858985243818083
0.048875548622248743
0.006343320174369893
0.25810834617610823
0.077665480791708319
0.34978331766556892
0.36615448164006281
0.16059850158253042
0.091304761942463841
0.29398130503358288
0.35079186572382071
0.35335440155894204
0.36240391342517597
0.38699655234944785
0.33312438685081958
0.38913119740889357
0.12639112885036496
0.40870531865928683
0.077312797369689434
0.1638923969233268
0.36078471505625131
0.1485116692031383
0.23120941627998093
0.40066379364203542
0.040082070823185489
0.41333464508372231
0.17620513757002243
0.41623371979355639
0.41756528338073906
0.17393714193834597
0.32320980955900325
0.062135019408398051
0.14863879504265043
