Trapped bonds for: DEFAULT
0.16255433871390323
0.17234830423697289
0.19927390395014299
0.20066985772738732
0.22139822921979047
0.25203635237379274
0.25377820502162862
0.26205773936129617
0.26834235943855944
0.2738761132187868
0.28161552764992237
0.28913644298970809
0.29097832679583746
0.30793268506952032
0.30919184747360617
0.31061156631934494
0.31859686264395748
0.3202350589418046
0.32126831293543745
0.32545333058770964
0.32798927239851139
0.33142775311512906
0.33526230787480316
0.33689330807132123
0.3370866280454301
0.33764523002191638
0.33767893878437505
0.33781742707296303
0.36014490841899516
0.3628020250162507
0.36557782284574714
0.3694850240512686
0.37083835692052958
0.37622809613932517
0.37677720105623536
0.38099410285305169
0.38347146107578567
0.38566734472883368
0.39003984803687786
0.39477299664086019
0.39510635400304039
0.39548562628140616
0.39776302637363159
0.39848523882178455
0.39961806514578413
0.40554188762422783
0.40654477006379253
0.40724082031363906
0.41050944945270018
0.41256822789068792
0.4162825591975654
0.41708470786954521
0.41924244811208666
0.42322445917039175
0.42405548758578249
0.42530647044765146
0.42567034137670134
0.43771589321120175
0.44623271286490152
0.45032826154013961
0.47065552972507518
0.47541694029796133
