Connectivity for: Job2
1 0
5 0
13 0
25 0
41 0
61 0
85 0
113 0
145 0
181 0
221 0
265 0
313 0
365 0
421 0
481 0
545 0
613 0
685 0
761 0
841 0
923 0
1010 0
1101 0
1195 0
1292 0
1392 0
1494 0
1601 0
1712 0
1822 0
1940 0
2055 0
2177 0
2299 0
2426 0
2553 0
2683 0
2813 0
2946 0
3081 0
3221 0
3363 0
3507 0
3655 0
3802 0
3951 0
4104 0
4259 0
4418 0
4578 0
4738 0
4898 0
5062 0
5231 0
5405 0
5572 0
5733 0
5900 0
6074 0
6252 0
6412 0
6587 0
6757 0
6926 0
7106 0
7273 0
7450 0
7611 0
7792 0
7954 0
8132 0
8300 0
8469 0
8636 0
8808 0
8981 0
9143 0
9313 0
9470 0
9645 0
9832 0
10002 0
10165 0
10341 0
10506 0
10681 0
10840 0
10997 0
11156 0
11327 0
11483 0
11658 0
11799 0
11961 0
12113 0
12269 0
12430 0
12586 0
12717 0
12873 0
13017 0
13158 0
13315 0
13435 0
13561 0
13714 0
13846 0
13962 0
14120 0
14257 0
14381 0
14506 0
14659 0
14768 0
14891 0
15021 0
15172 0
15282 0
15410 0
15543 0
15665 0
15768 0
15890 0
16015 0
16136 0
16262 0
16396 0
16526 0
16671 0
16779 0
16913 0
17066 0
17176 0
17294 0
17449 0
17551 0
17695 0
17800 0
17932 0
18065 0
18201 0
18312 0
18457 0
18579 0
18703 0
18829 0
18957 0
19075 0
19208 0
19350 0
19468 0
19596 0
19716 0
19814 0
19962 0
20094 0
20222 0
20324 0
20479 0
20585 0
20710 0
20837 0
20948 0
21066 0
21184 0
21309 0
21416 0
21550 0
21662 0
21771 0
21910 0
22051 0
22168 0
22305 0
22445 0
22547 0
22679 0
22810 0
22946 0
