Connectivity for: Job9
1 10
393 10
626 10
777 10
919 10
1042 10
1191 10
1310 10
1444 10
1571 10
1706 10
1831 10
1959 10
2086 10
2213 10
2346 10
2450 10
2581 10
2714 10
2831 10
2959 10
3108 10
3210 10
3363 10
3488 10
3609 10
3753 10
3854 10
3993 10
4105 10
4247 10
4342 10
4486 10
4605 10
5104 10
5192 10
5331 10
5427 10
5567 10
5651 10
5808 10
5898 10
5985 10
6072 10
6165 10
6260 10
6337 10
6433 10
6508 10
6596 10
6692 10
6769 10
7245 10
7312 10
7372 10
7433 10
7485 10
7549 10
7615 10
7660 10
7727 10
7763 10
7833 10
7868 10
7937 10
7989 10
8034 10
8092 10
8135 10
8182 10
8232 10
8283 10
8320 10
8378 10
8415 10
8461 10
8506 10
8553 10
8585 10
8641 10
8669 10
8721 10
8755 10
8807 10
8832 10
8886 10
8920 10
8965 10
8992 10
9009 10
9051 10
9076 10
9114 10
9137 10.0001
9175 10.0001
9190 10.0001
9210 10.0001
9246 10.0001
9262 10.0001
9298 10.0001
9314 10.0001
9349 10.0001
9362 10.0001
9374 10.0001
9408 10.0001
9422 10.0001
9452 10.0001
9469 10.0001
9480 10.0001
9513 10.0001
9527 10.0001
9559 10.0002
9572 10.0002
9590 10.0002
9620 10.0002
9638 10.0002
9669 10.0002
9687 10.0002
9700 10.0002
9731 10.0002
9742 10.0002
9770 10.0003
9779 10.0003
9791 10.0003
9809 10.0003
9821 10.0003
9824 10.0003
9845 10.0004
9847 10.0004
9857 10.0004
9867 10.0004
9876 10.0004
9887 10.0004
9896 10.0005
9899 10.0005
9915 10.0005
9919 10.0005
9928 10.0006
9936 10.0006
9945 10.0006
9949 10.0006
9961 10.0007
9963 10.0007
9973 10.0007
9977 10.0007
9984 10.0008
9987 10.0008
9994 10.0008
9996 10.0009
10000 10.0009
10000 10.0009
10000 10.001
10000 10.001
10000 10.0011
10000 10.0011
10000 10.0011
10000 10.0012
10000 10.0012
10000 10.0013
10000 10.0013
10000 10.0014
10000 10.0014
10000 10.0015
10000 10.0015
10000 10.0016
10000 10.0016
10000 10.0017
10000 10.0017
10000 10.0018
10000 10.0018
10000 10.0019
10000 10.002
10000 10.002
10000 10.0021
10000 10.0021
10000 10.0022
10000 10.0023
10000 10.0023
10000 10.0024
10000 10.0025
10000 10.0026
10000 10.0026
10000 10.0027
10000 10.0028
10000 10.0029
10000 10.003
10000 10.003
10000 10.0031
10000 10.0032
10000 10.0033
10000 10.0034
10000 10.0035
10000 10.0036
10000 10.0037
10000 10.0038
10000 10.0039
10000 10.004
10000 10.0041
10000 10.0042
10000 10.0043
10000 10.0044
10000 10.0045
10000 10.0046
10000 10.0047
10000 10.0048
10000 10.0049
10000 10.005
10000 10.0052
10000 10.0053
10000 10.0054
10000 10.0055
10000 10.0057
10000 10.0058
10000 10.0059
10000 10.006
10000 10.0062
10000 10.0063
10000 10.0065
10000 10.0066
10000 10.0067
10000 10.0069
10000 10.007
10000 10.0072
10000 10.0073
10000 10.0075
10000 10.0076
10000 10.0078
10000 10.0079
10000 10.0081
10000 10.0083
10000 10.0084
10000 10.0086
10000 10.0088
10000 10.0089
10000 10.0091
10000 10.0093
10000 10.0095
10000 10.0096
10000 10.0098
10000 10.01
10000 10.0102
10000 10.0104
10000 10.0106
10000 10.0108
10000 10.011
10000 10.0111
10000 10.0113
10000 10.0115
10000 10.0117
10000 10.012
10000 10.0122
10000 10.0124
10000 10.0126
10000 10.0128
10000 10.013
10000 10.0132
10000 10.0134
10000 10.0137
10000 10.0139
10000 10.0141
10000 10.0143
10000 10.0146
10000 10.0148
10000 10.015
10000 10.0153
10000 10.0155
10000 10.0158
10000 10.016
10000 10.0163
10000 10.0165
10000 10.0168
10000 10.017
10000 10.0173
10000 10.0175
10000 10.0178
10000 10.0181
10000 10.0183
10000 10.0186
10000 10.0189
10000 10.0191
10000 10.0194
10000 10.0197
10000 10.02
10000 10.0202
10000 10.0205
10000 10.0208
10000 10.0211
10000 10.0214
10000 10.0217
10000 10.022
10000 10.0223
10000 10.0226
10000 10.0229
10000 10.0232
10000 10.0235
10000 10.0238
10000 10.0241
10000 10.0244
10000 10.0247
10000 10.0251
10000 10.0254
10000 10.0257
10000 10.026
10000 10.0263
10000 10.0267
10000 10.027
10000 10.0273
10000 10.0277
10000 10.028
10000 10.0284
10000 10.0287
10000 10.029
10000 10.0294
10000 10.0297
10000 10.0301
10000 10.0304
10000 10.0308
10000 10.0312
10000 10.0315
10000 10.0319
10000 10.0323
10000 10.0326
10000 10.033
10000 10.0334
10000 10.0337
10000 10.0341
10000 10.0345
10000 10.0349
10000 10.0353
10000 10.0356
10000 10.036
10000 10.0364
10000 10.0368
10000 10.0372
10000 10.0376
10000 10.038
10000 10.0384
10000 10.0388
10000 10.0392
10000 10.0396
10000 10.04
10000 10.0404
10000 10.0409
10000 10.0413
10000 10.0417
10000 10.0421
10000 10.0425
10000 10.043
10000 10.0434
10000 10.0438
10000 10.0443
10000 10.0447
10000 10.0451
10000 10.0456
10000 10.046
10000 10.0464
10000 10.0469
10000 10.0473
10000 10.0478
10000 10.0482
10000 10.0487
10000 10.0492
10000 10.0496
10000 10.0501
10000 10.0505
10000 10.051
10000 10.0515
10000 10.0519
10000 10.0524
10000 10.0529
10000 10.0533
10000 10.0538
10000 10.0543
10000 10.0548
10000 10.0553
10000 10.0557
10000 10.0562
10000 10.0567
10000 10.0572
10000 10.0577
10000 10.0582
10000 10.0587
10000 10.0592
10000 10.0597
10000 10.0602
10000 10.0607
10000 10.0612
10000 10.0617
10000 10.0622
10000 10.0627
10000 10.0633
10000 10.0638
10000 10.0643
10000 10.0648
10000 10.0653
10000 10.0659
10000 10.0664
10000 10.0669
10000 10.0674
10000 10.068
10000 10.0685
10000 10.069
10000 10.0696
10000 10.0701
10000 10.0707
10000 10.0712
10000 10.0718
10000 10.0723
10000 10.0729
10000 10.0734
10000 10.074
10000 10.0745
10000 10.0751
10000 10.0756
10000 10.0762
10000 10.0768
10000 10.0773
10000 10.0779
10000 10.0785
10000 10.079
10000 10.0796
10000 10.0802
10000 10.0807
10000 10.0813
10000 10.0819
10000 10.0825
10000 10.0831
10000 10.0836
10000 10.0842
10000 10.0848
10000 10.0854
10000 10.086
10000 10.0866
10000 10.0872
10000 10.0878
10000 10.0884
10000 10.089
10000 10.0896
10000 10.0902
10000 10.0908
10000 10.0914
10000 10.092
10000 10.0926
10000 10.0932
10000 10.0938
10000 10.0945
10000 10.0951
10000 10.0957
10000 10.0963
10000 10.0969
10000 10.0976
10000 10.0982
10000 10.0988
10000 10.0994
10000 10.1001
10000 10.1007
10000 10.1013
10000 10.102
10000 10.1026
10000 10.1032
10000 10.1039
10000 10.1045
10000 10.1052
10000 10.1058
10000 10.1064
10000 10.1071
10000 10.1077
10000 10.1084
10000 10.109
10000 10.1097
10000 10.1104
10000 10.111
10000 10.1117
10000 10.1123
10000 10.113
10000 10.1137
10000 10.1143
10000 10.115
10000 10.1156
10000 10.1163
10000 10.117
10000 10.1177
10000 10.1183
10000 10.119
10000 10.1197
10000 10.1204
10000 10.121
10000 10.1217
10000 10.1224
10000 10.1231
10000 10.1238
10000 10.1245
10000 10.1251
10000 10.1258
10000 10.1265
10000 10.1272
10000 10.1279
10000 10.1286
10000 10.1293
10000 10.13
10000 10.1307
10000 10.1314
10000 10.1321
10000 10.1328
10000 10.1335
10000 10.1342
10000 10.1349
10000 10.1356
10000 10.1363
10000 10.137
10000 10.1377
10000 10.1385
10000 10.1392
10000 10.1399
10000 10.1406
10000 10.1413
10000 10.142
10000 10.1428
10000 10.1435
10000 10.1442
10000 10.1449
10000 10.1457
10000 10.1464
10000 10.1471
10000 10.1478
10000 10.1486
10000 10.1493
10000 10.15
10000 10.1508
10000 10.1515
10000 10.1522
10000 10.153
10000 10.1537
10000 10.1545
10000 10.1552
10000 10.156
10000 10.1567
10000 10.1574
10000 10.1582
10000 10.1589
10000 10.1597
10000 10.1604
10000 10.1612
10000 10.1619
10000 10.1627
10000 10.1634
10000 10.1642
10000 10.165
10000 10.1657
10000 10.1665
10000 10.1672
10000 10.168
10000 10.1688
10000 10.1695
10000 10.1703
10000 10.1711
10000 10.1718
10000 10.1726
10000 10.1734
10000 10.1741
10000 10.1749
10000 10.1757
10000 10.1764
10000 10.1772
10000 10.178
10000 10.1788
10000 10.1796
10000 10.1803
10000 10.1811
10000 10.1819
10000 10.1827
10000 10.1835
10000 10.1842
10000 10.185
10000 10.1858
10000 10.1866
10000 10.1874
10000 10.1882
10000 10.189
10000 10.1898
10000 10.1905
10000 10.1913
10000 10.1921
10000 10.1929
10000 10.1937
10000 10.1945
10000 10.1953
10000 10.1961
10000 10.1969
10000 10.1977
10000 10.1985
10000 10.1993
10000 10.2001
10000 10.2009
10000 10.2017
10000 10.2025
10000 10.2033
10000 10.2042
10000 10.205
10000 10.2058
10000 10.2066
10000 10.2074
10000 10.2082
10000 10.209
10000 10.2098
10000 10.2107
10000 10.2115
10000 10.2123
10000 10.2131
10000 10.2139
10000 10.2147
10000 10.2156
10000 10.2164
10000 10.2172
10000 10.218
10000 10.2189
10000 10.2197
10000 10.2205
10000 10.2213
10000 10.2222
10000 10.223
10000 10.2238
10000 10.2246
10000 10.2255
10000 10.2263
10000 10.2271
10000 10.228
10000 10.2288
10000 10.2296
10000 10.2305
10000 10.2313
10000 10.2321
10000 10.233
10000 10.2338
10000 10.2347
10000 10.2355
10000 10.2363
10000 10.2372
10000 10.238
10000 10.2389
10000 10.2397
10000 10.2406
10000 10.2414
10000 10.2422
10000 10.2431
10000 10.2439
10000 10.2448
10000 10.2456
10000 10.2465
10000 10.2473
10000 10.2482
10000 10.249
10000 10.2499
10000 10.2508
10000 10.2516
10000 10.2525
10000 10.2533
10000 10.2542
10000 10.255
10000 10.2559
10000 10.2567
10000 10.2576
10000 10.2585
10000 10.2593
10000 10.2602
10000 10.261
10000 10.2619
10000 10.2628
10000 10.2636
10000 10.2645
10000 10.2654
10000 10.2662
10000 10.2671
10000 10.268
10000 10.2688
10000 10.2697
10000 10.2706
10000 10.2714
10000 10.2723
10000 10.2732
10000 10.2741
10000 10.2749
10000 10.2758
10000 10.2767
10000 10.2775
10000 10.2784
10000 10.2793
10000 10.2802
10000 10.281
10000 10.2819
10000 10.2828
10000 10.2837
10000 10.2846
10000 10.2854
10000 10.2863
10000 10.2872
10000 10.2881
10000 10.289
10000 10.2898
10000 10.2907
10000 10.2916
10000 10.2925
10000 10.2934
10000 10.2943
10000 10.2952
10000 10.296
10000 10.2969
10000 10.2978
10000 10.2987
10000 10.2996
10000 10.3005
10000 10.3014
10000 10.3023
10000 10.3031
10000 10.304
10000 10.3049
10000 10.3058
10000 10.3067
10000 10.3076
10000 10.3085
10000 10.3094
10000 10.3103
10000 10.3112
10000 10.3121
10000 10.313
10000 10.3139
10000 10.3148
10000 10.3157
10000 10.3166
10000 10.3175
10000 10.3184
10000 10.3193
10000 10.3202
10000 10.3211
10000 10.322
10000 10.3229
10000 10.3238
10000 10.3247
10000 10.3256
10000 10.3265
10000 10.3274
10000 10.3283
10000 10.3292
10000 10.3301
10000 10.331
10000 10.3319
10000 10.3328
10000 10.3337
10000 10.3347
10000 10.3356
10000 10.3365
10000 10.3374
10000 10.3383
10000 10.3392
10000 10.3401
10000 10.341
10000 10.3419
10000 10.3428
10000 10.3438
10000 10.3447
10000 10.3456
10000 10.3465
10000 10.3474
10000 10.3483
10000 10.3492
10000 10.3502
10000 10.3511
10000 10.352
10000 10.3529
10000 10.3538
10000 10.3547
10000 10.3557
10000 10.3566
10000 10.3575
10000 10.3584
10000 10.3593
10000 10.3603
10000 10.3612
10000 10.3621
10000 10.363
10000 10.3639
10000 10.3649
10000 10.3658
10000 10.3667
10000 10.3676
10000 10.3686
10000 10.3695
10000 10.3704
10000 10.3713
10000 10.3723
10000 10.3732
10000 10.3741
10000 10.375
10000 10.376
10000 10.3769
10000 10.3778
10000 10.3787
10000 10.3797
10000 10.3806
10000 10.3815
10000 10.3825
10000 10.3834
10000 10.3843
10000 10.3852
10000 10.3862
10000 10.3871
10000 10.388
10000 10.389
10000 10.3899
10000 10.3908
10000 10.3918
10000 10.3927
10000 10.3936
10000 10.3946
10000 10.3955
10000 10.3964
10000 10.3974
10000 10.3983
10000 10.3992
10000 10.4002
10000 10.4011
10000 10.402
10000 10.403
10000 10.4039
10000 10.4049
10000 10.4058
10000 10.4067
10000 10.4077
10000 10.4086
10000 10.4095
10000 10.4105
10000 10.4114
10000 10.4124
10000 10.4133
10000 10.4142
10000 10.4152
10000 10.4161
10000 10.4171
10000 10.418
10000 10.4189
10000 10.4199
10000 10.4208
10000 10.4218
10000 10.4227
10000 10.4237
10000 10.4246
10000 10.4255
10000 10.4265
10000 10.4274
10000 10.4284
10000 10.4293
10000 10.4303
10000 10.4312
10000 10.4322
10000 10.4331
10000 10.4341
10000 10.435
10000 10.4359
10000 10.4369
10000 10.4378
10000 10.4388
10000 10.4397
10000 10.4407
10000 10.4416
10000 10.4426
10000 10.4435
10000 10.4445
10000 10.4454
10000 10.4464
10000 10.4473
10000 10.4483
10000 10.4492
10000 10.4502
10000 10.4511
10000 10.4521
10000 10.453
10000 10.454
10000 10.4549
10000 10.4559
10000 10.4568
10000 10.4578
10000 10.4587
10000 10.4597
10000 10.4606
10000 10.4616
10000 10.4625
10000 10.4635
10000 10.4645
10000 10.4654
10000 10.4664
10000 10.4673
10000 10.4683
10000 10.4692
10000 10.4702
10000 10.4711
10000 10.4721
10000 10.4731
10000 10.474
10000 10.475
10000 10.4759
10000 10.4769
10000 10.4778
10000 10.4788
10000 10.4797
10000 10.4807
10000 10.4817
10000 10.4826
10000 10.4836
10000 10.4845
10000 10.4855
10000 10.4865
10000 10.4874
10000 10.4884
10000 10.4893
10000 10.4903
10000 10.4913
10000 10.4922
10000 10.4932
10000 10.4941
10000 10.4951
10000 10.4961
10000 10.497
10000 10.498
10000 10.4989
10000 10.4999
10000 10.5009
10000 10.5018
10000 10.5028
10000 10.5037
10000 10.5047
10000 10.5057
10000 10.5066
10000 10.5076
10000 10.5086
10000 10.5095
10000 10.5105
10000 10.5114
10000 10.5124
10000 10.5134
10000 10.5143
10000 10.5153
10000 10.5163
10000 10.5172
10000 10.5182
10000 10.5192
10000 10.5201
10000 10.5211
10000 10.5221
10000 10.523
10000 10.524
10000 10.525
10000 10.5259
10000 10.5269
10000 10.5279
10000 10.5288
10000 10.5298
10000 10.5308
10000 10.5317
10000 10.5327
10000 10.5337
10000 10.5346
10000 10.5356
10000 10.5366
10000 10.5375
10000 10.5385
10000 10.5395
10000 10.5404
10000 10.5414
10000 10.5424
10000 10.5433
10000 10.5443
10000 10.5453
10000 10.5462
10000 10.5472
10000 10.5482
10000 10.5491
10000 10.5501
10000 10.5511
10000 10.5521
10000 10.553
10000 10.554
10000 10.555
10000 10.5559
10000 10.5569
10000 10.5579
10000 10.5588
10000 10.5598
10000 10.5608
10000 10.5618
10000 10.5627
10000 10.5637
10000 10.5647
10000 10.5656
10000 10.5666
10000 10.5676
10000 10.5686
10000 10.5695
10000 10.5705
10000 10.5715
10000 10.5725
