1,0,	1180169
0,1,	1819830
0,2,1,	291935
2,1,0,	299219
1,2,0,	415383
1,0,2,	465566
2,0,1,	589015
0,1,2,	938880
0,3,2,1,	44600
1,0,3,2,	46904
3,2,1,0,	58434
3,0,2,1,	62539
0,2,3,1,	64896
1,3,2,0,	70919
2,1,0,3,	73713
2,0,3,1,	78360
3,1,2,0,	81182
2,3,1,0,	83477
2,1,3,0,	83594
0,1,3,2,	85231
1,3,0,2,	88880
3,1,0,2,	104176
0,2,1,3,	119900
1,2,0,3,	123311
3,2,0,1,	133646
0,3,1,2,	138920
1,2,3,0,	139971
2,0,1,3,	188359
2,3,0,1,	188650
1,0,2,3,	225606
3,0,1,2,	264737
0,1,2,3,	449992
1,0,4,3,2,	5115
2,1,0,4,3,	5720
0,4,3,2,1,	6189
1,4,0,3,2,	6856
4,0,3,2,1,	7679
1,0,3,4,2,	7696
4,1,0,3,2,	7909
0,2,4,3,1,	7925
0,4,2,3,1,	8860
4,3,2,1,0,	8977
0,3,4,2,1,	9024
2,0,4,3,1,	9031
0,1,4,3,2,	9038
1,2,0,4,3,	9144
3,2,1,0,4,	9219
1,3,0,4,2,	9312
3,1,0,4,2,	9320
0,3,2,4,1,	9378
0,2,1,4,3,	9553
2,1,4,0,3,	9803
1,4,3,2,0,	9810
3,0,4,2,1,	9992
2,1,4,3,0,	10074
3,0,2,4,1,	10570
4,1,3,2,0,	10876
4,3,0,2,1,	11045
4,0,2,3,1,	11116
2,4,1,0,3,	11134
2,4,3,1,0,	11504
2,4,1,3,0,	11557
0,4,1,3,2,	11558
2,0,1,4,3,	11754
3,2,1,4,0,	12002
2,4,0,3,1,	12108
0,3,2,1,4,	12329
4,3,1,2,0,	12477
4,2,1,0,3,	12645
3,2,0,4,1,	12786
4,2,1,3,0,	12908
4,2,3,1,0,	13005
0,1,3,4,2,	13230
3,4,2,1,0,	13521
4,2,0,3,1,	13598
1,4,3,0,2,	13781
3,1,4,2,0,	14571
1,3,4,2,0,	14641
3,2,4,1,0,	14715
2,3,1,0,4,	14761
0,2,4,1,3,	14768
1,0,2,4,3,	15059
0,3,1,4,2,	15121
3,0,2,1,4,	15222
1,3,2,0,4,	15544
3,1,2,0,4,	15631
4,1,3,0,2,	15692
3,4,0,2,1,	15710
0,2,3,4,1,	15931
1,2,4,0,3,	16024
0,4,2,1,3,	16476
4,0,1,3,2,	16503
1,2,4,3,0,	16931
2,0,4,1,3,	17563
2,0,3,4,1,	17904
4,3,1,0,2,	18050
1,4,2,0,3,	18680
3,4,1,2,0,	18854
1,4,2,3,0,	18999
3,0,1,4,2,	19286
1,0,3,2,4,	19328
3,1,2,4,0,	19649
0,4,3,1,2,	19662
2,3,1,4,0,	19776
1,3,4,0,2,	20017
1,3,2,4,0,	20048
3,1,4,0,2,	20062
0,2,3,1,4,	21064
4,1,2,0,3,	21159
4,1,2,3,0,	21371
2,1,3,0,4,	21436
2,3,0,4,1,	21662
1,0,4,2,3,	22091
4,0,2,1,3,	22757
2,3,4,1,0,	24431
4,3,2,0,1,	24544
3,2,0,1,4,	24941
2,0,3,1,4,	25719
3,4,1,0,2,	26961
4,0,3,1,2,	27142
2,1,3,4,0,	27619
0,1,2,4,3,	28073
0,3,4,1,2,	28866
3,1,0,2,4,	29783
1,3,0,2,4,	30078
2,4,3,0,1,	30351
2,4,0,1,3,	33858
3,0,4,1,2,	34305
2,1,0,3,4,	34411
4,2,3,0,1,	34603
0,1,3,2,4,	34902
3,4,2,0,1,	35230
3,2,4,0,1,	36145
1,2,3,0,4,	36694
1,4,0,2,3,	39287
4,2,0,1,3,	39390
0,1,4,2,3,	39863
2,3,0,1,4,	41991
4,1,0,2,3,	45434
1,2,3,4,0,	45976
0,3,1,2,4,	48129
4,3,0,1,2,	56315
0,2,1,3,4,	56346
1,2,0,3,4,	58304
2,3,4,0,1,	60043
0,4,1,2,3,	62328
3,0,1,2,4,	75167
3,4,0,1,2,	79664
2,0,1,3,4,	85794
1,0,2,3,4,	103735
4,0,1,2,3,	114445
0,1,2,3,4,	205283
2,1,0,5,4,3,	481
1,0,5,4,3,2,	545
3,2,1,0,5,4,	590
2,1,5,0,4,3,	674
1,5,0,4,3,2,	675
2,5,1,0,4,3,	687
2,1,0,4,5,3,	706
1,0,3,5,4,2,	707
0,5,4,3,2,1,	735
5,1,0,4,3,2,	754
1,0,4,5,3,2,	767
1,0,5,3,4,2,	788
1,2,0,5,4,3,	796
1,3,0,5,4,2,	800
0,2,5,4,3,1,	806
5,0,4,3,2,1,	820
0,3,2,1,5,4,	822
3,1,0,5,4,2,	830
4,1,0,5,3,2,	835
2,3,1,0,5,4,	841
2,1,4,0,5,3,	846
0,3,2,5,4,1,	857
0,2,1,5,4,3,	861
4,3,2,1,0,5,	875
2,4,1,0,5,3,	886
1,0,4,3,5,2,	902
0,5,2,4,3,1,	904
2,0,1,5,4,3,	905
3,1,2,0,5,4,	906
1,4,0,3,5,2,	908
1,3,2,0,5,4,	925
2,0,5,4,3,1,	928
4,1,0,3,5,2,	929
1,5,4,0,3,2,	933
0,3,5,4,2,1,	934
0,1,5,4,3,2,	944
3,0,2,1,5,4,	949
5,1,4,0,3,2,	952
1,4,0,5,3,2,	954
3,0,2,5,4,1,	959
3,2,1,5,0,4,	960
0,2,5,1,4,3,	964
0,3,5,2,4,1,	1008
0,5,4,2,3,1,	1010
3,0,5,4,2,1,	1011
1,5,0,3,4,2,	1031
5,4,0,3,2,1,	1044
0,5,3,2,4,1,	1049
2,1,5,4,3,0,	1055
0,5,3,4,2,1,	1061
1,2,5,0,4,3,	1085
3,2,5,1,0,4,	1095
3,0,5,2,4,1,	1098
0,5,1,4,3,2,	1119
0,4,5,3,2,1,	1120
0,4,3,2,5,1,	1121
5,1,0,3,4,2,	1122
5,0,2,4,3,1,	1126
0,5,2,1,4,3,	1128
3,1,5,0,4,2,	1130
1,5,2,0,4,3,	1131
3,2,0,5,4,1,	1132
2,1,5,4,0,3,	1139
4,0,3,2,5,1,	1142
2,0,5,1,4,3,	1153
1,2,0,4,5,3,	1155
3,2,1,5,4,0,	1156
2,5,0,4,3,1,	1158
1,5,4,3,2,0,	1165
1,4,3,0,5,2,	1170
4,1,3,0,5,2,	1171
4,3,1,0,5,2,	1178
5,4,1,0,3,2,	1179
5,4,3,2,1,0,	1183
0,4,3,5,2,1,	1195
0,4,3,2,1,5,	1198
4,0,5,3,2,1,	1213
3,5,1,0,4,2,	1219
0,4,2,5,3,1,	1223
0,3,2,5,1,4,	1225
5,0,4,2,3,1,	1229
0,1,3,5,4,2,	1236
3,2,0,1,5,4,	1243
0,2,1,4,5,3,	1256
5,2,0,4,3,1,	1260
3,2,5,1,4,0,	1264
1,0,3,2,5,4,	1266
1,0,2,5,4,3,	1272
2,5,4,3,1,0,	1274
2,5,1,4,0,3,	1275
1,5,3,0,4,2,	1277
4,3,2,1,5,0,	1290
4,0,3,5,2,1,	1293
3,5,0,4,2,1,	1296
5,1,3,0,4,2,	1298
5,3,2,1,0,4,	1300
0,1,5,3,4,2,	1301
5,1,2,0,4,3,	1305
3,5,0,2,4,1,	1306
2,1,3,0,5,4,	1311
0,2,4,5,3,1,	1323
1,4,5,0,3,2,	1325
2,5,4,1,3,0,	1328
4,0,3,2,1,5,	1329
5,1,4,3,2,0,	1330
3,0,2,5,1,4,	1332
0,3,5,2,1,4,	1345
0,4,2,1,5,3,	1348
4,3,0,2,5,1,	1355
0,3,1,5,4,2,	1358
5,2,1,4,0,3,	1362
0,2,3,1,5,4,	1374
3,5,2,1,4,0,	1376
4,3,1,2,0,5,	1383
0,2,4,1,5,3,	1384
1,4,3,2,0,5,	1386
5,4,1,3,2,0,	1391
4,1,3,2,0,5,	1392
3,4,2,1,0,5,	1393
2,0,4,5,3,1,	1396
0,1,4,5,3,2,	1397
1,4,2,0,5,3,	1407
1,2,4,0,5,3,	1409
5,3,0,4,2,1,	1412
0,2,3,5,4,1,	1422
4,1,2,0,5,3,	1428
0,5,3,2,1,4,	1429
2,5,4,1,0,3,	1435
5,0,1,4,3,2,	1457
5,0,2,1,4,3,	1458
4,2,0,5,3,1,	1464
5,3,0,2,4,1,	1466
1,0,4,3,2,5,	1472
0,4,1,5,3,2,	1475
0,1,4,3,5,2,	1490
4,2,3,1,0,5,	1491
2,0,1,4,5,3,	1492
1,0,5,2,4,3,	1493
0,5,4,1,3,2,	1494
4,3,0,5,2,1,	1497
3,0,5,2,1,4,	1501
2,3,1,5,0,4,	1502
3,2,5,4,1,0,	1503
5,2,4,3,1,0,	1508
1,3,0,2,5,4,	1515
1,0,3,4,5,2,	1518
2,4,3,1,0,5,	1520
5,2,4,1,3,0,	1528
5,2,4,1,0,3,	1529
4,3,2,0,5,1,	1540
2,0,3,1,5,4,	1548
3,1,5,4,2,0,	1566
2,5,4,0,3,1,	1571
4,0,2,1,5,3,	1572
3,1,0,2,5,4,	1573
5,4,3,0,2,1,	1576
2,5,0,1,4,3,	1582
2,0,4,1,5,3,	1599
2,0,3,5,4,1,	1601
3,0,1,5,4,2,	1604
0,4,5,2,3,1,	1607
0,4,1,3,5,2,	1624
3,5,4,2,1,0,	1628
0,3,5,1,4,2,	1632
3,1,2,5,0,4,	1634
5,4,2,3,1,0,	1636
2,4,0,5,3,1,	1638
2,3,5,1,0,4,	1639
5,3,2,1,4,0,	1641
3,5,2,0,4,1,	1646
0,2,5,3,4,1,	1648
1,3,2,5,0,4,	1649
2,4,1,5,3,0,	1657
4,5,0,3,2,1,	1658
2,1,4,5,3,0,	1675
0,2,5,4,1,3,	1677
1,3,5,4,2,0,	1678
3,2,0,5,1,4,	1679
4,3,0,2,1,5,	1682
0,5,1,3,4,2,	1696
3,5,2,4,1,0,	1704
4,2,1,5,0,3,	1710
3,1,0,4,5,2,	1711
4,0,5,2,3,1,	1713
5,4,3,1,2,0,	1715
2,1,4,5,0,3,	1721
2,4,1,5,0,3,	1727
0,2,4,3,5,1,	1729
4,0,1,5,3,2,	1737
4,2,1,5,3,0,	1742
1,2,5,4,3,0,	1749
1,5,3,4,2,0,	1756
3,5,1,4,2,0,	1758
1,3,5,2,0,4,	1759
1,0,3,5,2,4,	1760
0,4,2,3,5,1,	1764
0,3,4,2,5,1,	1765
3,1,5,2,0,4,	1781
2,0,5,3,4,1,	1782
1,4,0,3,2,5,	1784
5,3,4,2,1,0,	1789
5,0,4,1,3,2,	1793
4,5,3,2,1,0,	1798
5,3,2,0,4,1,	1801
1,4,5,3,2,0,	1805
2,3,0,5,4,1,	1821
0,5,2,4,1,3,	1828
2,3,1,5,4,0,	1836
2,1,0,3,5,4,	1846
4,3,2,5,1,0,	1856
3,1,2,5,4,0,	1857
4,0,1,3,5,2,	1860
0,5,3,1,4,2,	1870
1,2,5,4,0,3,	1873
5,0,3,2,1,4,	1882
2,5,3,1,0,4,	1884
0,5,2,3,4,1,	1885
4,0,2,3,5,1,	1888
1,0,2,4,5,3,	1891
0,3,4,2,1,5,	1899
5,3,1,4,2,0,	1903
5,1,3,4,2,0,	1921
1,5,4,3,0,2,	1927
3,1,4,0,5,2,	1936
3,0,4,2,5,1,	1938
0,4,3,1,5,2,	1939
1,5,3,2,0,4,	1940
1,0,5,3,2,4,	1949
5,4,2,0,3,1,	1954
3,5,4,0,2,1,	1959
3,4,1,0,5,2,	1968
0,5,4,2,1,3,	1973
4,1,3,5,2,0,	1975
0,2,3,5,1,4,	1989
4,2,1,3,0,5,	1991
3,0,5,1,4,2,	1999
4,3,1,5,2,0,	2009
1,3,2,5,4,0,	2011
2,0,4,3,5,1,	2016
3,5,1,2,0,4,	2019
1,5,0,2,4,3,	2021
2,4,5,3,1,0,	2022
2,4,5,1,3,0,	2026
0,4,2,3,1,5,	2027
2,4,1,3,0,5,	2031
1,4,3,5,2,0,	2032
1,5,2,4,3,0,	2034
0,2,4,3,1,5,	2037
2,1,4,3,0,5,	2039
5,0,1,3,4,2,	2040
2,3,0,1,5,4,	2043
2,3,5,1,4,0,	2048
1,3,4,0,5,2,	2059
1,0,4,2,5,3,	2065
5,1,4,3,0,2,	2067
4,2,5,1,3,0,	2071
4,2,5,3,1,0,	2072
3,1,0,5,2,4,	2087
1,4,3,2,5,0,	2091
3,5,0,2,1,4,	2092
3,2,4,1,0,5,	2097
0,3,4,5,2,1,	2101
0,4,5,1,3,2,	2102
2,4,5,1,0,3,	2110
3,1,5,2,4,0,	2115
4,3,1,2,5,0,	2119
3,0,4,2,1,5,	2120
5,2,3,1,0,4,	2121
4,2,0,3,5,1,	2123
1,3,0,5,2,4,	2124
1,3,5,2,4,0,	2135
5,0,2,3,4,1,	2140
4,0,3,1,5,2,	2147
2,1,3,5,0,4,	2153
1,5,2,4,0,3,	2155
4,1,3,2,5,0,	2158
4,2,3,1,5,0,	2161
2,4,0,3,5,1,	2164
4,2,5,1,0,3,	2173
3,4,0,2,5,1,	2180
0,1,3,2,5,4,	2187
1,0,5,4,2,3,	2192
4,5,1,3,2,0,	2196
1,2,3,0,5,4,	2200
3,4,2,1,5,0,	2204
5,3,1,2,0,4,	2206
4,0,2,3,1,5,	2208
1,5,4,2,3,0,	2209
3,0,4,5,2,1,	2215
5,3,4,0,2,1,	2222
5,1,2,4,3,0,	2240
2,5,3,1,4,0,	2251
5,1,0,2,4,3,	2253
2,4,5,0,3,1,	2255
0,1,2,5,4,3,	2263
2,0,4,3,1,5,	2273
2,5,0,3,4,1,	2277
5,1,2,4,0,3,	2288
5,0,2,4,1,3,	2289
0,2,5,3,1,4,	2306
3,5,4,1,2,0,	2316
2,0,3,5,1,4,	2331
5,0,3,1,4,2,	2335
4,5,3,0,2,1,	2336
4,5,0,2,3,1,	2339
3,4,1,2,0,5,	2343
1,5,3,2,4,0,	2361
5,3,0,2,1,4,	2367
4,2,5,0,3,1,	2381
1,3,5,4,0,2,	2385
0,4,2,5,1,3,	2386
2,1,0,4,3,5,	2405
4,0,5,1,3,2,	2412
0,1,3,4,5,2,	2426
5,2,0,3,4,1,	2432
0,3,2,4,5,1,	2441
5,4,1,3,0,2,	2446
0,2,4,5,1,3,	2451
1,3,4,2,0,5,	2452
4,5,3,1,2,0,	2457
5,2,3,1,4,0,	2461
5,1,4,2,3,0,	2462
2,3,5,0,4,1,	2476
3,1,4,2,0,5,	2483
1,5,4,2,0,3,	2496
2,5,0,4,1,3,	2498
1,4,0,2,5,3,	2501
0,5,4,3,1,2,	2508
5,3,4,1,2,0,	2514
2,1,0,5,3,4,	2523
4,1,0,2,5,3,	2525
1,0,3,4,2,5,	2530
2,1,5,3,0,4,	2535
3,1,5,4,0,2,	2543
5,3,1,2,4,0,	2557
2,3,5,4,1,0,	2563
0,3,1,2,5,4,	2567
0,5,2,3,1,4,	2571
5,1,3,2,4,0,	2572
5,0,4,2,1,3,	2586
4,5,2,1,3,0,	2589
4,2,3,0,5,1,	2594
4,5,2,3,1,0,	2595
4,3,5,0,2,1,	2599
2,1,3,5,4,0,	2615
3,4,2,0,5,1,	2621
2,0,5,3,1,4,	2628
0,1,4,3,2,5,	2631
3,0,2,4,5,1,	2650
4,3,0,1,5,2,	2659
1,2,4,5,0,3,	2674
3,5,0,1,4,2,	2690
2,4,3,0,5,1,	2692
1,4,2,5,3,0,	2694
3,2,1,4,0,5,	2699
4,5,2,1,0,3,	2703
1,5,3,4,0,2,	2707
2,5,3,0,4,1,	2717
0,3,2,4,1,5,	2722
0,1,5,2,4,3,	2724
2,0,4,5,1,3,	2730
5,4,0,1,3,2,	2742
4,1,2,5,3,0,	2754
5,4,3,1,0,2,	2764
5,4,1,2,3,0,	2765
2,3,0,5,1,4,	2768
2,5,1,3,0,4,	2772
1,4,5,3,0,2,	2776
4,1,2,5,0,3,	2780
4,1,5,3,0,2,	2784
1,2,4,5,3,0,	2794
2,4,0,3,1,5,	2801
2,1,4,3,5,0,	2804
4,0,2,5,1,3,	2805
0,3,1,4,5,2,	2809
3,5,1,4,0,2,	2810
4,2,1,3,5,0,	2819
2,5,3,4,1,0,	2824
4,3,2,0,1,5,	2845
4,1,3,0,2,5,	2850
4,3,1,0,2,5,	2854
1,4,2,5,0,3,	2859
1,4,3,5,0,2,	2876
4,5,2,0,3,1,	2908
5,2,1,3,0,4,	2962
1,4,3,0,2,5,	2965
2,1,5,3,4,0,	2974
5,1,0,3,2,4,	2986
2,4,1,3,5,0,	2987
3,2,0,4,5,1,	2992
5,3,1,4,0,2,	3004
4,1,3,5,0,2,	3010
5,1,3,4,0,2,	3039
4,2,3,5,1,0,	3050
2,4,3,5,1,0,	3056
0,3,4,1,5,2,	3057
3,4,2,5,1,0,	3061
0,4,5,2,1,3,	3065
0,4,1,3,2,5,	3070
5,2,3,0,4,1,	3086
3,0,2,4,1,5,	3091
5,4,1,2,0,3,	3098
3,1,0,4,2,5,	3107
0,2,1,3,5,4,	3124
1,5,0,4,2,3,	3132
5,2,3,4,1,0,	3137
5,0,2,3,1,4,	3150
3,2,4,1,5,0,	3155
1,2,0,3,5,4,	3156
5,3,0,1,4,2,	3163
0,1,3,5,2,4,	3172
2,5,1,3,4,0,	3176
5,0,4,3,1,2,	3200
3,2,5,0,1,4,	3208
1,3,0,4,2,5,	3211
3,0,1,2,5,4,	3217
3,0,1,4,5,2,	3232
4,2,0,5,1,3,	3297
0,1,2,4,5,3,	3307
2,4,0,5,1,3,	3316
1,3,4,5,2,0,	3336
4,0,5,2,1,3,	3337
0,3,5,4,1,2,	3345
0,1,5,3,2,4,	3349
3,1,4,5,2,0,	3352
1,2,4,3,0,5,	3359
0,3,1,5,2,4,	3362
1,0,4,5,2,3,	3376
4,2,1,0,3,5,	3405
4,1,5,2,3,0,	3406
1,4,2,3,0,5,	3425
4,5,1,3,0,2,	3431
1,4,5,2,3,0,	3437
3,4,5,2,1,0,	3446
2,4,1,0,3,5,	3447
2,1,4,0,3,5,	3460
3,4,1,5,2,0,	3464
4,1,2,3,0,5,	3470
2,5,0,3,1,4,	3475
1,3,4,2,5,0,	3498
3,4,1,2,5,0,	3503
3,1,4,2,5,0,	3509
5,2,1,3,4,0,	3533
0,5,1,2,4,3,	3535
4,1,5,2,0,3,	3568
0,1,4,2,5,3,	3595
1,4,5,2,0,3,	3600
3,5,4,1,0,2,	3603
2,3,4,1,0,5,	3616
3,0,4,1,5,2,	3617
5,4,3,2,0,1,	3619
3,5,2,0,1,4,	3667
1,2,0,4,3,5,	3672
0,5,3,4,1,2,	3690
3,2,0,4,1,5,	3725
3,0,5,4,1,2,	3748
0,4,5,3,1,2,	3761
3,2,4,0,5,1,	3784
3,1,5,0,2,4,	3791
1,3,5,0,2,4,	3818
4,0,1,3,2,5,	3861
3,2,1,4,5,0,	3866
0,2,1,4,3,5,	3886
4,5,0,1,3,2,	3891
5,2,0,3,1,4,	3892
1,2,3,5,0,4,	3921
0,1,5,4,2,3,	3970
0,4,3,5,1,2,	3982
2,0,1,3,5,4,	4010
5,3,2,0,1,4,	4026
5,3,4,1,0,2,	4029
4,1,0,5,2,3,	4043
4,5,3,1,0,2,	4052
2,5,4,3,0,1,	4073
1,2,5,3,0,4,	4093
1,4,0,5,2,3,	4111
3,2,1,0,4,5,	4121
0,2,3,4,5,1,	4123
3,2,5,4,0,1,	4133
4,5,1,2,3,0,	4167
0,5,1,3,2,4,	4170
4,0,5,3,1,2,	4188
1,2,0,5,3,4,	4214
3,4,5,0,2,1,	4242
2,1,5,0,3,4,	4258
3,2,4,5,1,0,	4267
0,4,3,1,2,5,	4272
3,5,1,0,2,4,	4305
0,2,1,5,3,4,	4311
0,4,1,2,5,3,	4323
1,5,3,0,2,4,	4347
4,3,5,1,0,2,	4348
5,4,0,3,1,2,	4397
5,2,4,3,0,1,	4399
3,1,2,4,0,5,	4401
2,0,3,4,5,1,	4426
3,0,1,5,2,4,	4427
1,2,3,5,4,0,	4449
1,3,2,4,0,5,	4477
3,4,2,0,1,5,	4514
0,1,3,4,2,5,	4531
4,0,3,5,1,2,	4558
1,5,2,3,0,4,	4584
3,4,0,1,5,2,	4586
4,5,1,2,0,3,	4596
5,0,3,4,1,2,	4622
2,3,1,4,0,5,	4644
3,5,4,2,0,1,	4676
0,2,3,4,1,5,	4713
3,4,5,1,2,0,	4714
2,0,1,4,3,5,	4734
1,2,4,3,5,0,	4755
1,4,2,3,5,0,	4772
2,4,3,0,1,5,	4789
5,3,1,0,2,4,	4790
3,5,2,4,0,1,	4795
4,1,2,3,5,0,	4809
1,3,4,0,2,5,	4842
1,2,5,3,4,0,	4846
5,1,3,0,2,4,	4848
3,1,4,5,0,2,	4864
5,0,1,2,4,3,	4882
3,1,4,0,2,5,	4905
3,4,1,5,0,2,	4970
4,2,3,0,1,5,	4976
3,5,0,4,1,2,	4981
2,5,1,0,3,4,	4983
1,3,4,5,0,2,	4985
4,3,2,5,0,1,	4988
3,4,1,0,2,5,	5008
0,5,1,4,2,3,	5012
2,3,0,4,5,1,	5028
1,0,2,3,5,4,	5071
5,4,2,3,0,1,	5076
2,5,4,0,1,3,	5083
5,1,2,3,0,4,	5105
0,3,1,4,2,5,	5117
0,4,2,1,3,5,	5118
0,2,4,1,3,5,	5139
2,3,4,1,5,0,	5155
2,3,5,0,1,4,	5249
5,3,4,2,0,1,	5257
4,5,0,2,1,3,	5289
5,3,2,4,0,1,	5302
5,2,1,0,3,4,	5379
2,0,3,4,1,5,	5386
4,5,3,2,0,1,	5396
4,0,3,1,2,5,	5405
1,5,2,3,4,0,	5432
4,0,1,2,5,3,	5476
2,0,1,5,3,4,	5490
4,3,0,5,1,2,	5597
0,3,5,1,2,4,	5618
1,2,4,0,3,5,	5625
0,3,2,1,4,5,	5626
1,4,2,0,3,5,	5644
5,3,0,4,1,2,	5654
1,5,4,0,2,3,	5663
4,1,2,0,3,5,	5689
5,2,4,0,1,3,	5794
5,1,2,3,4,0,	5893
0,1,4,5,2,3,	5959
2,4,5,3,0,1,	6007
5,0,1,3,2,4,	6034
4,2,5,3,0,1,	6035
1,0,2,4,3,5,	6129
2,5,3,0,1,4,	6136
4,3,5,2,0,1,	6156
4,0,2,1,3,5,	6245
2,0,4,1,3,5,	6252
0,5,3,1,2,4,	6299
2,3,4,0,5,1,	6371
3,1,2,4,5,0,	6388
4,5,0,3,1,2,	6447
2,1,3,4,0,5,	6462
0,2,5,1,3,4,	6475
1,3,2,4,5,0,	6492
5,1,4,0,2,3,	6516
2,3,0,4,1,5,	6534
2,3,1,4,5,0,	6536
5,4,2,0,1,3,	6537
3,0,1,4,2,5,	6598
3,0,5,1,2,4,	6613
0,4,1,5,2,3,	6643
3,2,4,0,1,5,	6646
2,3,1,0,4,5,	6774
0,3,4,5,1,2,	6775
1,0,2,5,3,4,	6840
5,2,3,0,1,4,	6964
3,0,2,1,4,5,	6981
2,3,5,4,0,1,	7048
5,0,1,4,2,3,	7053
3,1,2,0,4,5,	7085
1,3,2,0,4,5,	7124
2,3,4,5,1,0,	7136
0,5,2,1,3,4,	7202
1,2,5,0,3,4,	7264
4,2,5,0,1,3,	7330
0,3,4,1,2,5,	7377
3,4,5,1,0,2,	7383
2,4,5,0,1,3,	7384
5,4,1,0,2,3,	7463
3,0,4,5,1,2,	7479
4,5,2,3,0,1,	7692
2,0,5,1,3,4,	7694
2,5,3,4,0,1,	7751
1,0,4,2,3,5,	7901
3,4,2,5,0,1,	8211
4,2,3,5,0,1,	8230
1,5,2,0,3,4,	8267
4,0,1,5,2,3,	8314
4,1,5,0,2,3,	8331
1,4,5,0,2,3,	8383
2,4,3,5,0,1,	8391
0,5,4,1,2,3,	8399
5,0,3,1,2,4,	8519
5,2,3,4,0,1,	8691
3,0,4,1,2,5,	8826
1,0,3,2,4,5,	8837
2,1,3,4,5,0,	8859
4,3,0,1,2,5,	8908
5,1,2,0,3,4,	9157
0,1,2,3,5,4,	9276
3,4,0,5,1,2,	9389
1,0,5,2,3,4,	9581
0,2,3,1,4,5,	9674
5,0,2,1,3,4,	9685
2,1,3,0,4,5,	9703
3,4,5,2,0,1,	9951
5,4,3,0,1,2,	9960
4,5,2,0,1,3,	9978
4,2,0,1,3,5,	10205
2,4,0,1,3,5,	10222
1,2,3,4,0,5,	10612
3,2,0,1,4,5,	11118
4,5,1,0,2,3,	11168
2,3,4,0,1,5,	11290
0,1,2,4,3,5,	11362
3,2,4,5,0,1,	11485
5,0,4,1,2,3,	11506
2,0,3,1,4,5,	11845
4,1,0,2,3,5,	11904
1,4,0,2,3,5,	12113
0,4,5,1,2,3,	12304
3,5,4,0,1,2,	12358
0,1,2,5,3,4,	12606
3,5,0,1,2,4,	12972
3,1,0,2,4,5,	13237
1,3,0,2,4,5,	13426
5,3,4,0,1,2,	14094
2,5,0,1,3,4,	14187
0,1,4,2,3,5,	14274
4,5,3,0,1,2,	14325
4,0,5,1,2,3,	14598
1,2,3,4,5,0,	14744
4,3,5,0,1,2,	14866
3,4,0,1,2,5,	14934
5,3,0,1,2,4,	15019
2,1,0,3,4,5,	15422
0,1,3,2,4,5,	15990
5,2,0,1,3,4,	16673
1,2,3,0,4,5,	16791
1,5,0,2,3,4,	16883
0,1,5,2,3,4,	17581
2,3,0,1,4,5,	18831
2,3,4,5,0,1,	18892
0,4,1,2,3,5,	19153
5,1,0,2,3,4,	19250
0,3,1,2,4,5,	21764
5,4,0,1,2,3,	23084
3,4,5,0,1,2,	24303
0,2,1,3,4,5,	25549
1,2,0,3,4,5,	26246
0,5,1,2,3,4,	26924
4,0,1,2,3,5,	30142
4,5,0,1,2,3,	32831
3,0,1,2,4,5,	32919
2,0,1,3,4,5,	37740
1,0,2,3,4,5,	46110
5,0,1,2,3,4,	48116
0,1,2,3,4,5,	90780
3,2,1,0,6,5,4,	31
2,6,1,0,5,4,3,	35
4,3,2,1,0,6,5,	46
1,0,6,3,5,4,2,	47
1,0,3,6,5,4,2,	49
2,4,1,0,6,5,3,	50
2,1,0,6,5,4,3,	51
2,1,0,4,6,5,3,	53
0,3,2,6,5,4,1,	54
1,0,4,6,5,3,2,	57
2,3,1,0,6,5,4,	58
1,3,6,2,0,5,4,	59
1,0,4,3,6,5,2,	60
1,3,0,6,5,4,2,	62
1,0,6,5,4,3,2,	63
0,6,5,2,4,3,1,	65
1,6,5,0,4,3,2,	66
1,6,0,4,5,3,2,	67
0,3,2,1,6,5,4,	68
2,1,0,5,6,4,3,	69
2,1,6,0,4,5,3,	70
0,4,3,2,1,6,5,	71
1,0,5,6,4,3,2,	72
3,2,5,1,0,6,4,	73
0,2,6,5,4,3,1,	74
0,3,2,6,1,5,4,	75
0,2,1,6,5,4,3,	76
1,2,0,4,6,5,3,	77
0,3,6,2,1,5,4,	78
1,0,6,5,3,4,2,	79
0,6,3,2,1,5,4,	80
1,0,5,4,3,6,2,	81
1,6,0,5,3,4,2,	82
0,4,3,2,6,5,1,	83
1,0,6,4,3,5,2,	84
0,2,5,1,4,6,3,	85
1,4,0,3,2,6,5,	86
0,1,6,5,4,3,2,	87
0,6,1,5,4,3,2,	88
2,5,1,0,4,6,3,	89
0,3,6,5,2,4,1,	90
0,3,6,2,5,4,1,	91
0,5,4,3,2,6,1,	92
0,2,6,5,1,4,3,	93
0,3,4,2,1,6,5,	94
2,6,3,1,0,5,4,	95
0,2,6,1,5,4,3,	96
2,1,6,5,4,3,0,	97
0,3,2,1,5,6,4,	98
1,0,3,2,6,5,4,	99
0,3,2,5,1,6,4,	100
0,2,1,4,6,5,3,	101
0,4,3,6,5,2,1,	102
1,3,0,5,6,4,2,	103
0,4,2,3,1,6,5,	104
0,6,3,5,4,2,1,	105
0,4,6,5,3,2,1,	106
0,2,4,6,5,3,1,	107
0,1,3,6,5,4,2,	108
0,2,5,6,4,3,1,	109
0,3,1,6,5,4,2,	110
0,1,4,6,5,3,2,	111
0,2,3,6,1,5,4,	112
0,3,6,2,5,1,4,	113
0,2,5,1,6,4,3,	114
0,4,6,2,5,3,1,	115
0,1,6,4,5,3,2,	116
0,4,1,6,5,3,2,	117
1,0,6,2,5,4,3,	118
0,1,6,3,5,4,2,	119
1,0,4,6,3,2,5,	120
1,4,6,3,0,5,2,	121
0,1,4,3,6,5,2,	122
0,2,1,5,6,4,3,	123
0,2,6,1,4,5,3,	124
0,5,2,1,4,6,3,	125
0,1,4,6,3,5,2,	126
1,5,0,6,3,4,2,	127
1,0,6,4,3,2,5,	128
0,2,3,6,5,4,1,	129
1,3,0,6,2,5,4,	130
0,2,6,3,5,4,1,	131
0,4,5,3,2,1,6,	132
0,3,2,5,6,4,1,	133
0,1,5,6,4,3,2,	134
0,2,3,1,5,6,4,	135
0,3,4,2,6,5,1,	136
0,5,6,2,4,3,1,	137
0,2,5,4,6,3,1,	138
0,5,2,4,6,3,1,	139
0,5,1,6,4,3,2,	140
0,1,3,2,6,5,4,	141
0,2,6,4,5,3,1,	142
0,3,5,4,2,6,1,	143
0,2,5,4,3,1,6,	144
0,3,4,6,2,5,1,	145
0,2,5,4,3,6,1,	146
0,1,5,4,3,6,2,	147
0,2,6,4,1,5,3,	148
0,1,3,5,6,4,2,	149
0,1,5,4,6,3,2,	150
0,6,2,3,1,5,4,	151
0,4,3,1,6,5,2,	152
0,2,5,3,1,6,4,	153
0,2,5,6,1,4,3,	154
0,2,6,5,4,1,3,	155
0,5,6,4,2,3,1,	156
0,1,4,3,2,6,5,	157
0,1,3,4,6,5,2,	158
0,1,5,3,6,4,2,	159
0,4,1,3,2,6,5,	160
1,5,6,2,0,4,3,	161
0,3,2,4,1,6,5,	162
0,6,2,4,3,5,1,	163
0,1,5,6,3,4,2,	164
0,2,5,4,1,6,3,	165
0,2,4,3,6,1,5,	166
0,5,1,4,3,6,2,	167
0,4,3,6,1,5,2,	168
0,4,6,1,3,5,2,	169
0,4,2,6,3,1,5,	170
0,1,4,3,6,2,5,	171
0,4,2,3,6,1,5,	172
0,4,6,2,3,5,1,	173
0,5,3,6,2,1,4,	174
1,4,0,5,6,3,2,	175
0,5,6,3,4,2,1,	176
0,3,6,4,2,1,5,	177
0,3,5,2,6,1,4,	178
1,3,0,5,2,6,4,	179
0,1,2,6,5,4,3,	180
3,4,2,0,6,5,1,	181
0,6,5,1,3,4,2,	182
0,6,2,5,3,4,1,	183
0,3,2,5,4,6,1,	184
1,2,4,0,5,6,3,	185
0,5,4,1,6,3,2,	186
0,3,2,5,4,1,6,	187
0,2,4,6,3,1,5,	188
0,1,6,3,2,5,4,	189
2,1,5,4,6,3,0,	190
0,1,3,6,4,5,2,	191
0,5,6,2,1,4,3,	192
0,2,1,4,5,6,3,	193
0,1,3,6,2,5,4,	194
0,3,5,6,2,1,4,	195
0,3,2,4,6,5,1,	196
0,3,5,2,4,1,6,	197
0,3,2,6,4,5,1,	198
0,3,6,4,5,2,1,	199
0,2,3,6,5,1,4,	200
0,3,5,1,6,4,2,	201
1,4,3,6,2,5,0,	202
0,5,3,2,4,1,6,	203
0,3,6,2,4,5,1,	204
1,3,2,5,6,0,4,	205
0,4,2,1,5,6,3,	206
0,3,1,6,2,5,4,	207
0,1,4,6,3,2,5,	208
0,3,2,4,6,1,5,	209
1,0,6,4,2,5,3,	210
0,5,3,4,6,2,1,	211
0,3,5,2,4,6,1,	212
0,2,4,1,5,6,3,	213
0,2,6,3,5,1,4,	214
0,3,5,6,1,4,2,	215
0,6,2,3,5,1,4,	216
0,4,1,3,6,2,5,	217
1,3,6,0,5,2,4,	218
1,2,4,5,0,6,3,	219
0,2,1,3,6,5,4,	220
0,5,6,3,2,1,4,	221
0,1,5,4,3,2,6,	222
1,5,3,6,4,2,0,	223
1,0,6,5,4,2,3,	224
0,1,3,2,5,6,4,	225
0,2,3,4,1,6,5,	226
0,1,3,5,4,6,2,	227
0,3,1,6,4,5,2,	228
1,5,0,3,4,2,6,	229
0,1,5,3,4,6,2,	230
0,1,4,5,3,6,2,	231
0,2,1,4,3,6,5,	232
0,1,6,4,3,2,5,	233
1,2,3,0,5,6,4,	234
0,2,5,6,3,4,1,	235
1,3,2,4,0,6,5,	236
1,3,6,4,0,5,2,	237
0,3,1,4,6,5,2,	238
0,4,2,6,5,1,3,	239
0,2,1,6,3,5,4,	240
1,3,6,5,4,0,2,	241
2,6,4,1,3,0,5,	242
0,1,3,4,2,6,5,	243
0,3,6,1,4,5,2,	244
0,2,6,4,5,1,3,	245
0,3,1,2,5,6,4,	246
0,3,1,5,4,6,2,	247
0,1,6,3,4,5,2,	248
0,5,2,6,3,4,1,	249
3,1,2,5,6,0,4,	250
2,5,3,0,6,4,1,	251
0,4,5,2,3,1,6,	252
0,4,6,2,5,1,3,	253
0,2,4,5,6,3,1,	254
0,3,6,1,2,5,4,	255
0,4,2,1,3,6,5,	256
0,6,1,3,4,5,2,	257
0,1,2,4,6,5,3,	258
0,2,5,6,4,1,3,	259
0,1,2,6,4,5,3,	260
0,1,3,5,2,6,4,	261
0,3,4,6,1,5,2,	262
0,1,4,2,6,5,3,	263
1,6,5,2,4,0,3,	264
0,1,6,5,2,4,3,	265
1,6,5,0,2,4,3,	266
1,3,0,5,6,2,4,	267
1,4,2,6,5,3,0,	268
0,1,3,6,5,2,4,	269
0,2,4,5,3,1,6,	270
4,0,5,2,3,6,1,	271
1,5,0,3,6,2,4,	272
0,2,5,4,6,1,3,	273
0,5,2,3,6,1,4,	274
0,5,4,6,1,3,2,	275
0,3,1,6,5,2,4,	276
0,1,4,5,6,3,2,	277
1,2,0,4,6,3,5,	278
0,6,2,4,5,1,3,	279
2,6,5,1,3,0,4,	280
1,3,4,6,5,2,0,	281
0,5,6,2,3,4,1,	282
0,1,2,5,6,4,3,	283
0,1,4,6,2,5,3,	284
0,5,2,6,4,1,3,	285
0,2,1,4,6,3,5,	286
0,3,6,2,4,1,5,	287
1,0,2,4,5,6,3,	288
0,4,3,5,6,2,1,	289
0,5,6,1,3,4,2,	290
1,4,3,5,2,0,6,	291
0,6,1,5,2,4,3,	292
2,0,4,1,3,6,5,	293
0,1,6,5,3,2,4,	294
0,4,3,2,5,1,6,	295
4,0,1,5,6,3,2,	296
0,5,3,1,2,6,4,	297
0,2,5,1,4,3,6,	298
0,1,5,2,4,6,3,	299
1,4,3,6,0,2,5,	300
0,2,5,3,6,1,4,	301
0,4,1,2,6,5,3,	302
1,2,5,0,4,3,6,	303
0,4,2,1,6,3,5,	304
2,6,4,3,5,1,0,	305
1,3,2,0,4,6,5,	306
0,1,6,3,5,2,4,	307
0,2,6,1,3,5,4,	308
1,2,5,4,6,3,0,	309
0,1,5,3,4,2,6,	310
0,2,1,6,4,3,5,	311
0,6,1,4,3,2,5,	312
0,1,5,2,6,4,3,	313
1,0,2,4,3,6,5,	314
2,0,1,4,6,3,5,	315
0,4,1,3,5,6,2,	316
2,4,1,5,6,3,0,	317
0,6,1,3,5,2,4,	318
0,1,4,3,5,6,2,	319
1,2,4,6,3,0,5,	320
0,2,5,3,4,6,1,	321
0,1,2,5,4,6,3,	322
0,1,6,2,4,5,3,	323
2,3,4,1,6,0,5,	324
0,1,4,5,3,2,6,	325
0,4,5,6,2,3,1,	326
2,3,1,0,5,4,6,	327
1,4,6,3,0,2,5,	328
0,2,6,1,4,3,5,	329
0,2,1,3,5,6,4,	330
0,1,6,4,2,5,3,	331
0,3,6,1,5,2,4,	332
1,2,0,6,5,3,4,	333
0,2,3,5,4,1,6,	334
0,2,4,1,6,3,5,	335
0,3,6,5,4,1,2,	336
4,6,3,2,0,1,5,	337
1,3,5,4,2,6,0,	338
0,2,3,4,6,5,1,	339
0,3,5,1,2,6,4,	340
0,2,1,5,3,6,4,	341
0,2,3,5,4,6,1,	342
1,6,4,5,2,3,0,	343
0,6,1,2,4,5,3,	344
0,2,5,6,3,1,4,	345
1,3,5,4,6,2,0,	346
0,5,1,2,6,4,3,	347
0,1,3,5,4,2,6,	348
0,4,3,6,5,1,2,	349
0,3,1,5,4,2,6,	350
0,5,2,1,3,6,4,	351
0,5,2,6,3,1,4,	352
3,0,5,4,1,6,2,	353
0,3,2,1,6,4,5,	354
1,5,4,6,3,0,2,	355
1,3,6,0,4,2,5,	356
0,2,5,3,4,1,6,	357
0,4,1,6,2,5,3,	358
0,6,4,5,2,1,3,	359
0,5,2,4,1,3,6,	360
0,5,4,3,1,2,6,	361
1,3,0,4,5,6,2,	362
0,2,1,6,5,3,4,	363
0,1,3,4,6,2,5,	364
1,0,4,5,2,6,3,	365
0,3,4,5,2,1,6,	366
2,3,6,4,1,0,5,	367
1,6,3,4,2,5,0,	368
2,5,6,0,3,4,1,	369
1,3,2,0,5,4,6,	370
0,1,5,3,6,2,4,	371
0,1,6,5,4,2,3,	372
0,1,3,6,4,2,5,	373
3,0,5,1,2,6,4,	374
2,5,3,6,0,4,1,	375
1,2,5,4,3,6,0,	376
2,3,0,4,6,5,1,	377
3,2,5,4,6,1,0,	378
1,0,3,2,4,6,5,	379
2,0,1,6,4,3,5,	380
0,5,1,2,4,6,3,	381
0,6,3,5,4,1,2,	382
1,2,4,3,6,5,0,	383
1,6,2,0,4,3,5,	384
4,5,6,1,0,3,2,	385
0,1,5,6,2,4,3,	386
1,2,6,0,4,3,5,	387
0,4,3,6,1,2,5,	388
0,5,1,3,4,2,6,	389
1,4,5,6,3,2,0,	390
0,3,1,5,6,2,4,	391
0,5,4,6,2,1,3,	392
1,5,4,2,3,6,0,	393
2,1,5,6,3,0,4,	394
0,5,1,4,2,6,3,	395
1,0,2,5,4,3,6,	396
3,6,2,4,0,5,1,	397
0,2,3,4,6,1,5,	398
1,5,6,0,2,4,3,	399
0,1,6,3,4,2,5,	400
0,4,3,1,5,6,2,	401
2,6,3,4,1,0,5,	402
3,0,2,1,6,4,5,	403
3,6,5,4,1,0,2,	404
0,1,3,5,6,2,4,	405
0,6,5,1,2,4,3,	406
1,2,0,4,5,3,6,	407
0,6,2,3,4,5,1,	408
0,4,2,3,5,1,6,	409
0,3,1,6,4,2,5,	410
0,4,5,1,3,2,6,	411
0,2,5,4,1,3,6,	412
0,5,1,3,6,2,4,	413
0,5,6,4,3,1,2,	414
0,6,1,4,2,5,3,	415
1,6,5,0,4,2,3,	416
0,2,5,1,3,6,4,	417
2,5,0,1,4,3,6,	418
0,2,1,4,5,3,6,	419
2,6,5,0,3,1,4,	420
0,3,5,1,4,2,6,	421
0,3,4,1,6,2,5,	422
0,5,3,2,1,4,6,	423
1,5,0,4,6,2,3,	424
2,0,6,1,4,3,5,	425
0,2,6,3,4,5,1,	426
4,5,2,1,3,6,0,	427
0,5,3,1,4,2,6,	428
0,2,3,1,4,6,5,	429
0,2,4,3,5,6,1,	430
1,2,6,4,3,5,0,	431
1,2,4,6,3,5,0,	432
3,0,1,5,4,2,6,	433
0,3,4,5,2,6,1,	434
0,5,4,3,6,1,2,	435
4,6,5,3,1,0,2,	436
1,6,4,5,2,0,3,	437
3,1,6,2,4,0,5,	438
0,6,4,5,3,1,2,	439
2,4,5,1,0,3,6,	440
2,5,3,0,6,1,4,	441
0,6,2,1,4,3,5,	442
3,4,0,5,2,1,6,	443
0,4,3,5,1,6,2,	444
3,5,1,4,0,2,6,	445
0,5,4,1,2,6,3,	446
0,1,4,3,5,2,6,	447
4,5,2,3,0,6,1,	448
1,4,5,0,2,6,3,	449
0,2,6,3,4,1,5,	450
2,4,5,0,1,6,3,	451
1,6,2,3,5,0,4,	452
0,4,2,1,5,3,6,	453
1,4,3,2,5,0,6,	454
0,3,2,5,1,4,6,	455
0,2,4,3,5,1,6,	457
3,4,5,0,2,6,1,	458
0,3,5,1,6,2,4,	459
0,4,6,1,2,5,3,	460
1,3,4,6,0,2,5,	461
0,1,5,6,3,2,4,	462
0,4,2,6,1,3,5,	463
2,3,5,0,4,6,1,	464
0,2,6,1,5,3,4,	465
0,4,5,2,6,1,3,	466
0,3,4,2,5,1,6,	467
0,3,4,5,6,2,1,	468
0,6,1,3,4,2,5,	469
5,1,4,2,0,3,6,	470
1,3,4,5,0,6,2,	471
0,4,2,3,5,6,1,	472
1,5,2,4,0,3,6,	473
1,2,4,5,3,0,6,	474
2,3,0,6,4,1,5,	475
0,2,4,6,1,3,5,	476
3,6,4,5,0,2,1,	477
0,3,4,2,5,6,1,	478
0,4,2,5,6,1,3,	479
4,3,2,6,5,0,1,	480
1,5,0,2,4,3,6,	481
0,2,4,5,6,1,3,	482
1,0,4,2,6,3,5,	483
4,1,3,5,6,2,0,	484
0,6,4,1,2,5,3,	485
3,4,5,1,0,6,2,	486
4,0,2,3,5,1,6,	487
5,1,4,6,2,0,3,	488
1,6,2,0,5,3,4,	489
0,5,3,6,4,1,2,	490
0,2,4,1,5,3,6,	491
1,6,2,3,5,4,0,	492
2,6,0,3,4,5,1,	493
2,6,1,5,0,3,4,	494
0,1,3,4,5,6,2,	495
0,1,2,4,5,6,3,	496
1,4,5,2,6,3,0,	497
2,4,5,6,0,3,1,	498
1,4,3,5,6,2,0,	499
1,0,3,2,5,4,6,	500
1,4,2,6,0,3,5,	501
3,4,6,1,5,0,2,	502
3,4,5,1,2,0,6,	503
1,2,4,5,6,0,3,	504
2,4,3,6,0,1,5,	505
5,3,0,1,2,6,4,	506
1,0,2,5,3,6,4,	507
0,3,2,6,1,4,5,	508
0,3,6,1,4,2,5,	509
3,4,0,1,2,6,5,	510
2,3,1,5,4,6,0,	511
1,3,0,4,5,2,6,	512
0,1,4,6,5,2,3,	513
0,5,1,6,3,2,4,	514
2,3,0,4,6,1,5,	515
2,1,3,0,5,4,6,	516
4,5,2,6,0,3,1,	517
1,2,5,3,6,0,4,	518
1,2,0,5,6,3,4,	519
1,5,2,3,6,0,4,	520
3,4,6,1,0,2,5,	521
1,3,0,2,4,6,5,	522
0,6,2,3,4,1,5,	523
1,3,5,2,0,4,6,	524
1,5,4,0,6,2,3,	525
0,4,1,3,5,2,6,	526
1,0,2,6,5,3,4,	527
0,2,6,4,1,3,5,	528
3,0,5,1,6,2,4,	529
2,1,3,4,6,0,5,	530
4,3,2,5,6,1,0,	531
0,5,4,6,3,1,2,	532
0,4,6,2,1,3,5,	533
3,2,4,5,1,0,6,	534
1,6,5,2,3,4,0,	535
2,6,3,0,4,5,1,	536
0,1,4,2,5,6,3,	537
2,3,1,6,4,5,0,	538
4,5,1,3,6,0,2,	539
4,0,2,5,6,1,3,	541
1,6,5,2,3,0,4,	542
1,2,3,4,0,6,5,	543
4,3,1,5,0,2,6,	544
3,6,5,2,4,0,1,	545
5,0,1,3,6,2,4,	546
4,5,3,6,1,2,0,	547
1,5,3,2,0,4,6,	548
1,4,0,2,6,3,5,	549
1,2,4,5,6,3,0,	550
1,6,5,3,0,2,4,	551
0,3,5,6,4,1,2,	552
2,0,3,1,4,6,5,	553
1,2,5,3,6,4,0,	554
1,5,3,2,4,6,0,	555
0,2,3,1,5,4,6,	556
0,2,1,5,6,3,4,	557
1,3,6,4,0,2,5,	558
3,4,2,5,1,6,0,	559
6,5,2,0,3,1,4,	561
3,1,0,4,5,2,6,	562
1,3,2,5,0,4,6,	563
1,0,6,2,4,3,5,	564
2,5,3,1,4,6,0,	565
1,4,2,5,6,0,3,	566
2,3,5,1,4,6,0,	567
1,2,3,5,6,4,0,	568
1,2,4,6,0,3,5,	569
6,4,5,1,2,0,3,	570
0,1,6,4,5,2,3,	571
3,5,4,1,6,0,2,	572
4,5,6,2,3,1,0,	573
2,3,4,6,0,5,1,	575
1,6,3,4,0,2,5,	576
2,3,1,4,6,5,0,	577
3,2,5,4,0,1,6,	578
4,5,3,1,6,0,2,	579
3,2,5,6,0,1,4,	580
5,6,3,1,4,0,2,	581
0,6,2,4,1,3,5,	582
0,5,6,1,2,4,3,	583
0,4,5,3,1,2,6,	584
1,3,2,6,4,5,0,	585
4,5,0,6,1,3,2,	586
1,0,3,2,6,4,5,	587
5,3,6,4,1,0,2,	588
2,0,6,4,1,3,5,	589
0,6,4,2,1,3,5,	590
1,3,0,2,5,4,6,	591
2,1,3,0,6,4,5,	592
2,5,0,1,3,6,4,	595
1,2,6,4,0,3,5,	596
2,6,4,3,0,1,5,	597
1,4,3,2,0,5,6,	598
0,4,1,6,5,2,3,	599
0,3,1,4,5,6,2,	600
0,3,6,5,1,2,4,	601
0,1,2,3,6,5,4,	602
0,3,4,1,5,6,2,	603
0,4,3,1,5,2,6,	604
0,4,2,5,1,3,6,	605
0,1,5,6,4,2,3,	606
3,6,1,4,5,0,2,	607
0,1,2,4,3,6,5,	608
2,3,6,5,0,1,4,	609
0,5,2,1,6,3,4,	610
4,1,3,2,0,5,6,	611
2,6,5,1,0,3,4,	612
4,3,5,1,0,2,6,	613
4,3,6,5,2,0,1,	614
4,3,5,2,0,1,6,	616
1,0,2,4,5,3,6,	617
1,2,5,6,3,0,4,	618
0,5,3,4,1,2,6,	619
3,4,5,2,0,6,1,	620
1,3,6,2,4,5,0,	621
2,3,4,0,6,1,5,	622
0,1,4,5,2,6,3,	623
1,0,4,5,6,2,3,	624
0,2,5,1,6,3,4,	625
1,0,5,2,3,6,4,	626
3,1,4,0,5,2,6,	627
3,4,2,0,5,6,1,	628
3,4,2,1,0,5,6,	629
3,4,1,0,5,2,6,	630
0,4,5,6,2,1,3,	631
1,0,5,3,2,4,6,	632
3,5,0,1,4,2,6,	633
0,3,6,2,1,4,5,	634
0,6,3,2,1,4,5,	635
1,4,5,6,3,0,2,	636
0,1,4,2,3,6,5,	637
1,3,0,2,6,4,5,	638
2,1,6,3,4,0,5,	639
5,2,6,0,3,1,4,	640
0,5,1,6,4,2,3,	641
1,4,3,2,5,6,0,	643
1,2,5,0,6,3,4,	644
0,1,5,4,6,2,3,	645
1,5,2,3,6,4,0,	646
0,1,2,5,4,3,6,	647
4,2,0,6,1,3,5,	648
1,6,2,4,0,3,5,	649
0,2,4,5,1,3,6,	650
0,6,3,5,1,2,4,	651
3,5,0,2,1,4,6,	652
0,4,1,5,2,6,3,	653
1,5,0,4,2,3,6,	654
5,3,0,1,4,2,6,	655
4,1,3,2,5,6,0,	656
6,5,4,2,3,0,1,	657
0,2,6,5,1,3,4,	658
2,6,3,1,4,5,0,	659
0,3,2,4,5,6,1,	660
0,3,2,4,5,1,6,	661
4,6,5,0,2,1,3,	662
4,6,3,5,2,0,1,	663
1,0,4,3,2,5,6,	664
6,5,3,4,2,0,1,	666
4,5,6,2,0,3,1,	668
0,5,6,3,4,1,2,	669
1,2,4,5,3,6,0,	670
4,1,5,6,2,3,0,	671
3,5,2,6,4,0,1,	672
0,2,3,1,6,4,5,	673
2,3,6,4,5,1,0,	674
1,6,3,2,4,5,0,	675
2,3,0,1,4,6,5,	677
4,2,0,1,5,3,6,	678
4,5,1,2,3,6,0,	679
0,3,4,6,1,2,5,	680
1,0,4,6,2,3,5,	681
1,3,4,0,5,2,6,	682
3,6,1,2,4,5,0,	683
4,2,3,0,5,1,6,	684
0,2,3,5,1,4,6,	685
5,3,2,6,4,0,1,	686
4,0,5,6,2,1,3,	687
1,0,4,2,5,3,6,	688
2,4,5,0,6,1,3,	689
4,6,0,3,1,2,5,	690
2,0,5,1,6,3,4,	692
2,4,3,1,0,5,6,	693
2,4,5,3,0,1,6,	694
2,3,6,5,4,0,1,	695
1,5,2,6,3,4,0,	696
2,4,0,1,5,3,6,	697
0,4,5,3,6,1,2,	698
2,1,5,6,0,3,4,	699
0,3,6,4,5,1,2,	700
3,1,2,6,0,4,5,	701
3,0,2,4,5,6,1,	702
4,5,2,3,0,1,6,	703
0,5,6,1,3,2,4,	704
3,0,2,4,5,1,6,	705
0,4,6,1,5,2,3,	706
1,6,4,2,0,3,5,	707
4,6,2,5,3,0,1,	708
0,5,1,4,6,2,3,	709
1,4,5,2,3,6,0,	710
4,0,2,5,1,3,6,	711
1,3,2,6,0,4,5,	712
1,3,4,5,2,6,0,	713
2,1,3,4,6,5,0,	714
0,5,2,3,1,4,6,	715
1,2,4,5,0,3,6,	716
4,1,2,5,3,6,0,	718
2,4,0,6,1,3,5,	719
0,1,2,6,3,5,4,	721
6,1,0,2,3,5,4,	722
1,0,6,4,2,3,5,	723
1,5,0,3,2,4,6,	724
3,4,6,5,1,0,2,	725
0,4,5,1,2,6,3,	726
2,0,4,5,1,3,6,	727
0,6,1,4,5,2,3,	729
4,1,5,2,0,3,6,	730
0,6,5,3,1,2,4,	731
0,2,5,3,1,4,6,	732
4,1,3,5,6,0,2,	733
1,3,4,2,5,0,6,	734
2,5,1,3,4,6,0,	735
0,5,3,4,6,1,2,	738
1,4,5,2,0,3,6,	741
1,4,0,5,6,2,3,	742
4,3,0,2,1,5,6,	743
1,0,3,6,2,4,5,	744
1,4,3,5,6,0,2,	745
0,3,5,4,6,1,2,	746
3,1,6,2,0,4,5,	747
4,3,2,5,0,1,6,	748
0,3,4,5,1,6,2,	749
4,2,3,6,5,0,1,	751
4,3,5,1,6,0,2,	752
1,4,2,5,0,3,6,	753
4,0,1,5,2,6,3,	754
4,2,3,5,0,6,1,	755
2,1,0,3,5,4,6,	756
2,5,1,6,0,3,4,	757
2,1,3,5,0,4,6,	758
5,1,0,3,2,4,6,	759
3,1,4,2,5,0,6,	760
5,2,1,3,0,4,6,	763
5,2,1,3,4,6,0,	764
3,0,4,6,1,2,5,	765
1,5,0,2,3,6,4,	766
0,1,3,2,4,6,5,	768
0,4,1,2,3,6,5,	770
3,4,2,5,0,6,1,	771
5,1,0,2,3,6,4,	772
1,3,0,5,2,4,6,	774
2,6,3,0,4,1,5,	775
0,1,5,2,4,3,6,	777
4,5,0,6,2,1,3,	778
1,3,6,2,0,4,5,	779
3,5,6,4,2,0,1,	781
3,5,6,1,0,2,4,	783
6,0,3,2,1,4,5,	784
0,6,4,1,5,2,3,	785
2,1,5,3,0,4,6,	786
1,2,6,5,0,3,4,	788
6,2,1,3,4,0,5,	789
1,4,0,6,2,3,5,	794
6,4,1,2,0,3,5,	795
0,6,2,5,1,3,4,	796
2,4,3,5,0,6,1,	797
0,1,3,4,5,2,6,	798
3,2,6,4,0,1,5,	799
6,2,0,1,5,3,4,	800
5,4,2,6,3,0,1,	801
6,4,3,0,5,1,2,	804
4,5,1,0,6,2,3,	805
1,6,0,2,5,3,4,	806
1,3,4,5,6,2,0,	809
0,5,4,1,6,2,3,	811
1,2,3,5,4,0,6,	812
3,2,1,4,5,0,6,	814
3,2,0,4,5,1,6,	815
2,4,3,6,5,0,1,	816
4,1,0,6,2,3,5,	817
3,0,4,5,1,6,2,	818
6,4,0,3,1,2,5,	819
2,3,0,1,5,4,6,	820
1,5,6,3,0,2,4,	822
4,5,6,1,3,0,2,	825
5,3,6,4,2,0,1,	826
2,6,0,4,1,3,5,	827
0,1,2,4,6,3,5,	828
4,1,5,0,6,2,3,	829
1,4,0,2,5,3,6,	831
2,0,5,3,1,4,6,	832
1,6,3,2,0,4,5,	834
0,6,3,4,1,2,5,	835
3,0,5,4,6,1,2,	836
1,5,2,3,4,0,6,	838
1,0,6,3,2,4,5,	839
0,1,4,2,6,3,5,	840
1,2,5,3,4,0,6,	841
0,5,1,2,4,3,6,	842
2,5,0,1,6,3,4,	843
0,4,3,5,1,2,6,	844
5,0,1,4,6,2,3,	845
3,6,0,4,5,1,2,	846
3,2,4,5,1,6,0,	848
1,5,6,2,3,4,0,	849
4,6,5,0,3,1,2,	850
2,4,6,3,5,0,1,	851
2,4,6,5,0,1,3,	854
3,6,0,2,1,4,5,	855
3,6,4,5,1,0,2,	856
6,1,5,4,0,2,3,	857
0,6,5,2,1,3,4,	858
0,1,6,2,3,5,4,	859
0,1,2,6,4,3,5,	860
4,5,0,3,6,1,2,	861
4,5,3,2,6,0,1,	862
2,6,3,5,4,0,1,	863
0,4,5,6,3,1,2,	864
1,6,2,5,0,3,4,	865
0,3,4,2,1,5,6,	867
1,0,5,2,6,3,4,	870
4,2,6,3,5,0,1,	871
6,4,0,2,1,3,5,	872
2,3,5,6,0,1,4,	873
3,4,5,6,2,1,0,	874
6,1,3,2,0,4,5,	875
5,2,6,1,0,3,4,	876
3,6,4,2,5,0,1,	880
6,2,3,5,4,0,1,	881
0,3,1,4,5,2,6,	882
6,3,2,4,0,1,5,	883
4,1,0,3,2,5,6,	884
1,2,3,4,6,0,5,	885
1,3,0,6,2,4,5,	886
5,2,0,1,6,3,4,	889
0,2,3,6,1,4,5,	890
3,5,4,6,1,0,2,	891
6,0,2,5,1,3,4,	892
2,5,6,1,0,3,4,	893
2,1,4,3,5,6,0,	894
5,4,2,0,1,3,6,	895
2,3,0,1,6,4,5,	896
2,1,4,3,0,5,6,	898
0,1,2,3,5,6,4,	899
0,3,1,2,4,6,5,	900
5,3,4,6,1,0,2,	901
4,5,3,6,1,0,2,	903
2,5,3,6,0,1,4,	904
2,4,1,3,0,5,6,	905
3,5,6,0,4,1,2,	906
5,3,0,4,1,2,6,	907
0,1,3,2,5,4,6,	908
3,5,0,4,6,1,2,	911
4,2,1,3,0,5,6,	912
4,0,5,1,2,6,3,	913
5,2,4,0,1,3,6,	914
6,5,2,4,0,1,3,	916
0,4,2,3,1,5,6,	917
1,0,4,5,2,3,6,	918
2,3,4,5,1,0,6,	919
2,4,3,5,6,1,0,	921
1,2,3,0,5,4,6,	922
0,2,4,3,1,5,6,	926
1,2,3,0,6,4,5,	927
3,2,4,1,0,5,6,	928
1,0,6,5,2,3,4,	933
4,2,1,3,5,6,0,	934
6,2,3,1,0,4,5,	935
5,3,6,0,4,1,2,	938
0,3,4,1,5,2,6,	941
2,6,1,3,4,5,0,	942
5,0,3,6,1,2,4,	943
0,1,2,5,3,6,4,	944
5,6,1,2,3,0,4,	945
0,1,3,2,6,4,5,	946
5,6,1,2,3,4,0,	947
0,1,2,6,5,3,4,	948
4,0,1,2,3,6,5,	949
1,2,3,6,4,0,5,	952
6,3,0,1,4,2,5,	953
5,2,3,4,0,1,6,	954
6,2,5,3,4,0,1,	957
3,0,4,2,1,5,6,	958
0,1,5,4,2,3,6,	961
5,4,3,0,1,2,6,	962
2,6,4,3,5,0,1,	963
4,2,6,5,0,1,3,	966
2,4,1,3,5,6,0,	968
6,1,0,2,5,3,4,	969
3,2,4,1,5,6,0,	970
3,4,6,0,5,1,2,	972
0,5,2,6,1,3,4,	973
5,6,4,2,3,0,1,	974
4,5,6,3,1,0,2,	975
4,1,6,5,0,2,3,	978
1,2,4,3,5,0,6,	979
2,1,3,6,0,4,5,	980
1,4,6,5,0,2,3,	984
2,6,0,5,1,3,4,	985
2,5,0,3,1,4,6,	986
2,5,3,4,0,1,6,	987
4,1,2,3,5,0,6,	988
0,2,6,3,1,4,5,	989
5,2,6,4,0,1,3,	991
6,5,4,2,0,1,3,	994
5,2,0,3,1,4,6,	996
4,0,2,3,1,5,6,	997
3,0,5,6,1,2,4,	1000
6,0,4,1,5,2,3,	1001
0,1,6,2,4,3,5,	1003
0,2,5,6,1,3,4,	1004
4,5,6,0,1,3,2,	1005
2,5,6,4,0,1,3,	1007
5,6,3,4,2,0,1,	1009
1,4,2,3,5,0,6,	1010
6,2,4,3,5,0,1,	1011
6,4,2,5,0,1,3,	1012
3,0,1,4,5,2,6,	1014
5,6,1,3,0,2,4,	1017
1,6,0,4,2,3,5,	1018
0,3,1,2,5,4,6,	1019
0,6,1,2,3,5,4,	1022
0,6,5,4,1,2,3,	1025
2,1,6,3,0,4,5,	1027
3,5,2,0,1,4,6,	1031
5,0,6,1,4,2,3,	1033
2,0,4,3,1,5,6,	1040
1,6,5,2,0,3,4,	1041
6,0,5,2,1,3,4,	1042
2,5,4,6,0,1,3,	1043
5,2,4,6,0,1,3,	1049
2,0,3,6,1,4,5,	1051
6,5,2,3,4,0,1,	1052
3,2,4,6,5,0,1,	1054
1,5,0,2,6,3,4,	1056
3,6,4,5,2,0,1,	1061
5,4,6,0,3,1,2,	1062
1,2,0,3,4,6,5,	1064
1,2,6,3,4,0,5,	1068
1,3,4,5,0,2,6,	1069
0,1,5,2,3,6,4,	1070
0,1,4,5,6,2,3,	1071
5,6,3,2,4,0,1,	1073
2,5,3,6,4,0,1,	1075
0,2,3,4,5,1,6,	1076
3,4,1,2,0,5,6,	1077
4,0,3,5,6,1,2,	1083
0,1,5,3,2,4,6,	1084
3,4,1,5,0,2,6,	1086
1,5,6,4,0,2,3,	1087
0,5,1,4,2,3,6,	1091
5,0,1,2,4,3,6,	1092
2,3,4,1,5,0,6,	1093
3,5,4,0,6,1,2,	1094
5,0,2,6,1,3,4,	1100
1,0,3,4,2,5,6,	1102
4,5,6,1,2,0,3,	1103
0,2,3,4,5,6,1,	1104
1,3,4,2,5,6,0,	1106
2,3,5,6,4,0,1,	1110
5,1,6,4,0,2,3,	1111
1,6,4,5,0,2,3,	1112
2,1,0,4,3,5,6,	1113
5,3,4,0,6,1,2,	1116
2,1,0,6,3,4,5,	1118
3,0,1,2,4,6,5,	1119
5,6,2,1,0,3,4,	1123
1,3,4,2,0,5,6,	1125
2,6,1,3,0,4,5,	1127
3,1,4,2,5,6,0,	1128
4,1,0,5,2,3,6,	1129
3,2,4,5,0,6,1,	1130
1,6,0,3,2,4,5,	1133
6,2,0,5,1,3,4,	1134
3,4,1,2,5,6,0,	1137
0,3,1,2,6,4,5,	1138
1,6,2,3,4,0,5,	1141
4,6,0,1,5,2,3,	1146
5,1,2,6,0,3,4,	1149
5,2,6,3,0,1,4,	1152
1,2,3,4,6,5,0,	1153
4,3,6,0,1,2,5,	1160
5,3,2,4,6,0,1,	1161
0,1,2,4,5,3,6,	1162
3,5,1,0,2,4,6,	1163
0,1,3,5,2,4,6,	1165
2,0,3,4,5,1,6,	1166
3,5,2,4,6,0,1,	1167
0,4,1,5,6,2,3,	1168
5,4,1,6,0,2,3,	1169
5,1,4,6,0,2,3,	1172
6,4,1,5,0,2,3,	1178
1,2,5,6,0,3,4,	1184
5,4,0,1,6,2,3,	1188
0,5,6,3,1,2,4,	1191
5,3,1,0,2,4,6,	1194
0,5,1,2,3,6,4,	1195
0,1,4,3,2,5,6,	1196
0,1,6,2,5,3,4,	1197
4,3,2,0,1,5,6,	1199
2,0,5,6,1,3,4,	1201
3,4,0,2,1,5,6,	1203
3,5,0,6,1,2,4,	1205
0,3,2,4,1,5,6,	1206
2,3,6,4,0,1,5,	1207
4,2,0,3,1,5,6,	1210
1,5,3,0,2,4,6,	1211
0,5,1,3,2,4,6,	1213
4,3,5,6,1,0,2,	1215
5,3,0,6,1,2,4,	1217
6,1,2,3,4,0,5,	1219
1,2,5,3,4,6,0,	1222
5,3,4,6,2,0,1,	1226
3,2,6,4,5,0,1,	1233
2,4,6,0,1,3,5,	1236
6,3,4,5,2,0,1,	1238
1,5,2,3,4,6,0,	1239
0,1,4,6,2,3,5,	1240
4,3,1,0,2,5,6,	1242
3,6,2,4,5,0,1,	1243
0,3,1,5,2,4,6,	1245
3,4,5,0,1,6,2,	1247
5,1,3,0,2,4,6,	1248
0,6,1,2,4,3,5,	1251
3,1,5,0,2,4,6,	1253
3,5,4,6,2,0,1,	1254
4,3,0,5,1,2,6,	1259
4,0,1,2,6,3,5,	1260
2,4,0,3,1,5,6,	1261
5,6,2,4,0,1,3,	1264
1,2,0,3,5,4,6,	1266
1,2,3,5,4,6,0,	1267
0,2,1,3,5,4,6,	1268
3,4,1,5,6,0,2,	1269
0,1,4,2,5,3,6,	1272
3,4,5,6,1,2,0,	1274
6,1,0,3,2,4,5,	1275
2,3,0,4,5,6,1,	1276
6,3,0,4,1,2,5,	1280
4,2,6,0,1,3,5,	1281
1,4,3,0,2,5,6,	1283
3,2,1,4,5,6,0,	1284
1,3,4,5,6,0,2,	1290
1,2,3,6,4,5,0,	1292
0,1,3,6,2,4,5,	1297
1,6,0,5,2,3,4,	1301
4,3,5,2,6,0,1,	1303
3,1,2,4,5,0,6,	1304
0,4,1,6,2,3,5,	1307
1,5,2,3,0,4,6,	1309
5,1,2,3,0,4,6,	1311
5,0,6,3,1,2,4,	1312
3,0,1,2,5,4,6,	1313
6,4,0,1,5,2,3,	1322
0,4,6,5,1,2,3,	1325
4,6,5,2,0,1,3,	1326
4,5,2,6,3,0,1,	1327
0,1,6,4,2,3,5,	1335
3,4,5,1,6,0,2,	1337
0,2,1,3,6,4,5,	1340
0,5,6,2,1,3,4,	1341
2,3,4,5,1,6,0,	1342
2,0,1,3,4,6,5,	1343
6,0,2,3,1,4,5,	1344
3,0,2,4,1,5,6,	1348
5,2,6,3,4,0,1,	1349
1,3,2,4,5,0,6,	1351
4,2,5,6,3,0,1,	1355
2,5,0,6,1,3,4,	1358
4,5,6,0,2,1,3,	1361
2,5,6,3,4,0,1,	1362
5,2,1,0,3,4,6,	1363
2,3,0,4,5,1,6,	1365
0,4,1,3,2,5,6,	1371
2,1,5,0,3,4,6,	1372
3,4,2,5,0,1,6,	1373
5,2,0,6,1,3,4,	1375
6,1,0,5,2,3,4,	1382
1,0,5,6,2,3,4,	1385
1,2,6,3,4,5,0,	1388
4,1,6,0,2,3,5,	1389
5,0,1,4,2,3,6,	1391
6,3,2,4,5,0,1,	1394
2,4,5,3,6,0,1,	1395
4,5,2,3,6,0,1,	1396
1,2,3,5,0,4,6,	1397
4,6,2,0,1,3,5,	1399
6,4,3,0,1,2,5,	1402
4,2,5,3,6,0,1,	1403
3,1,0,4,2,5,6,	1421
1,3,0,4,2,5,6,	1425
0,4,5,1,6,2,3,	1427
6,5,0,2,1,3,4,	1429
2,5,1,0,3,4,6,	1435
5,6,4,2,0,1,3,	1446
6,5,4,3,0,1,2,	1447
6,4,5,2,0,1,3,	1449
3,4,0,1,5,2,6,	1450
2,6,4,0,1,3,5,	1454
5,6,2,3,0,1,4,	1461
0,4,1,2,5,3,6,	1463
4,6,5,1,0,2,3,	1465
0,3,4,5,1,2,6,	1469
5,1,6,2,0,3,4,	1472
0,1,2,5,6,3,4,	1475
0,6,1,2,5,3,4,	1483
4,2,1,0,3,5,6,	1488
1,2,0,5,3,4,6,	1491
1,6,2,3,4,5,0,	1499
6,0,1,2,3,5,4,	1501
0,1,6,3,2,4,5,	1503
1,2,0,3,6,4,5,	1506
2,1,4,0,3,5,6,	1507
1,2,4,3,0,5,6,	1510
1,2,4,3,5,6,0,	1511
2,4,5,0,1,3,6,	1513
3,0,1,2,6,4,5,	1517
2,4,1,0,3,5,6,	1527
1,4,6,0,2,3,5,	1528
3,1,6,0,2,4,5,	1532
4,0,5,1,6,2,3,	1534
4,5,3,0,1,2,6,	1536
3,0,1,5,2,4,6,	1538
4,2,5,0,1,3,6,	1539
1,5,6,2,0,3,4,	1540
0,6,4,5,1,2,3,	1543
4,1,2,3,5,6,0,	1552
0,2,1,5,3,4,6,	1555
0,5,4,1,2,3,6,	1560
0,5,6,4,1,2,3,	1563
6,1,2,3,4,5,0,	1564
0,3,1,6,2,4,5,	1565
1,4,2,3,0,5,6,	1566
0,1,5,2,6,3,4,	1568
4,3,2,5,6,0,1,	1572
5,0,1,3,2,4,6,	1573
5,0,1,2,3,6,4,	1577
4,3,5,0,6,1,2,	1583
3,6,2,0,1,4,5,	1585
1,4,2,3,5,6,0,	1589
2,0,1,3,5,4,6,	1593
5,6,0,1,4,2,3,	1594
6,2,4,0,1,3,5,	1596
4,5,2,0,1,3,6,	1599
0,1,4,5,2,3,6,	1606
4,1,2,3,0,5,6,	1610
3,0,4,5,1,2,6,	1611
5,6,4,1,0,2,3,	1620
0,6,1,4,2,3,5,	1636
6,4,5,1,0,2,3,	1643
2,3,4,1,5,6,0,	1644
3,5,4,0,1,2,6,	1648
2,3,5,0,1,4,6,	1651
2,5,3,0,1,4,6,	1654
1,2,3,6,0,4,5,	1655
0,3,4,5,6,1,2,	1658
3,6,5,4,0,1,2,	1667
4,3,6,5,0,1,2,	1669
1,6,4,0,2,3,5,	1671
6,4,2,0,1,3,5,	1672
1,0,2,3,4,6,5,	1676
1,2,0,4,3,5,6,	1681
6,2,0,3,1,4,5,	1685
1,3,6,0,2,4,5,	1686
0,1,6,5,2,3,4,	1690
6,3,2,0,1,4,5,	1698
5,0,6,4,1,2,3,	1701
5,1,0,6,2,3,4,	1702
4,0,1,6,2,3,5,	1707
3,2,0,4,1,5,6,	1708
5,2,3,0,1,4,6,	1711
5,3,4,0,1,2,6,	1717
2,0,1,3,6,4,5,	1719
0,4,1,5,2,3,6,	1731
1,6,3,0,2,4,5,	1735
0,2,1,4,3,5,6,	1743
4,5,1,0,2,3,6,	1746
4,5,2,6,0,1,3,	1749
6,0,1,2,4,3,5,	1750
2,3,4,0,5,1,6,	1752
4,5,6,0,3,1,2,	1753
4,0,1,3,2,5,6,	1756
4,2,5,6,0,1,3,	1761
2,3,4,6,5,0,1,	1765
4,3,5,6,2,0,1,	1767
1,2,6,3,0,4,5,	1771
3,0,4,5,6,1,2,	1781
3,6,1,0,2,4,5,	1793
2,1,6,0,3,4,5,	1797
2,3,4,5,0,6,1,	1810
1,4,5,0,2,3,6,	1812
1,2,0,6,3,4,5,	1813
5,4,6,1,0,2,3,	1814
0,6,1,3,2,4,5,	1816
3,2,1,0,4,5,6,	1819
4,1,5,0,2,3,6,	1821
3,4,6,0,1,2,5,	1824
0,5,3,1,2,4,6,	1826
0,5,1,2,6,3,4,	1827
6,1,4,0,2,3,5,	1838
2,4,5,6,0,1,3,	1841
6,5,0,4,1,2,3,	1842
4,6,5,3,0,1,2,	1846
3,2,4,5,0,1,6,	1848
0,3,5,1,2,4,6,	1866
5,0,4,6,1,2,3,	1879
4,5,6,2,3,0,1,	1883
4,6,3,5,0,1,2,	1885
4,0,1,2,5,3,6,	1889
6,4,1,0,2,3,5,	1892
6,0,4,5,1,2,3,	1898
5,6,0,3,1,2,4,	1899
0,2,1,6,3,4,5,	1901
5,2,3,4,6,0,1,	1905
2,1,3,4,5,0,6,	1906
0,4,3,1,2,5,6,	1911
3,6,5,0,1,2,4,	1919
3,0,1,6,2,4,5,	1921
4,1,5,6,0,2,3,	1934
3,1,2,4,0,5,6,	1943
2,3,6,4,5,0,1,	1946
5,0,4,1,2,3,6,	1949
2,5,3,4,6,0,1,	1950
1,3,2,4,0,5,6,	1970
3,4,2,0,1,5,6,	1975
6,5,3,4,0,1,2,	1979
2,3,5,4,6,0,1,	1983
6,1,3,0,2,4,5,	1985
5,6,1,2,0,3,4,	1993
1,4,5,6,0,2,3,	2002
5,4,3,6,0,1,2,	2004
4,5,0,1,6,2,3,	2008
1,3,2,4,5,6,0,	2015
2,0,1,5,3,4,6,	2016
3,1,2,4,5,6,0,	2017
6,3,1,0,2,4,5,	2022
1,0,2,3,5,4,6,	2026
0,5,2,1,3,4,6,	2027
6,0,1,2,5,3,4,	2039
3,4,5,6,1,0,2,	2045
3,4,5,2,6,0,1,	2055
0,1,3,4,2,5,6,	2059
1,6,2,3,0,4,5,	2061
2,3,4,5,6,1,0,	2070
2,6,1,0,3,4,5,	2073
6,4,5,3,0,1,2,	2074
0,6,1,5,2,3,4,	2077
6,4,3,5,0,1,2,	2079
0,2,5,1,3,4,6,	2083
4,6,0,5,1,2,3,	2084
0,4,6,1,2,3,5,	2086
4,5,1,6,0,2,3,	2088
2,3,1,4,5,6,0,	2089
2,6,5,0,1,3,4,	2090
2,0,1,4,3,5,6,	2093
3,4,0,5,1,2,6,	2111
0,2,3,4,1,5,6,	2115
3,6,4,0,1,2,5,	2116
3,0,5,1,2,4,6,	2119
5,6,4,3,0,1,2,	2122
1,3,4,0,2,5,6,	2123
3,1,4,0,2,5,6,	2139
2,6,3,4,5,0,1,	2148
2,3,1,4,0,5,6,	2151
5,0,3,1,2,4,6,	2161
3,4,1,0,2,5,6,	2165
4,2,3,0,1,5,6,	2172
3,4,0,5,6,1,2,	2178
6,2,1,0,3,4,5,	2185
6,1,2,3,0,4,5,	2186
6,3,5,0,1,2,4,	2206
0,2,4,1,3,5,6,	2248
0,4,2,1,3,5,6,	2268
1,0,2,3,6,4,5,	2269
6,0,1,4,2,3,5,	2280
6,2,5,0,1,3,4,	2286
4,0,1,5,2,3,6,	2298
4,3,5,0,1,2,6,	2314
5,1,2,0,3,4,6,	2320
2,0,1,6,3,4,5,	2325
0,3,1,4,2,5,6,	2327
2,3,6,0,1,4,5,	2331
0,6,4,1,2,3,5,	2334
5,4,0,6,1,2,3,	2349
1,6,5,0,2,3,4,	2357
3,5,6,4,0,1,2,	2363
4,0,3,1,2,5,6,	2366
6,2,3,4,5,0,1,	2370
0,3,6,1,2,4,5,	2372
6,4,0,5,1,2,3,	2379
1,2,5,0,3,4,6,	2388
6,5,3,0,1,2,4,	2423
4,1,2,0,3,5,6,	2434
5,0,2,1,3,4,6,	2438
5,4,6,3,0,1,2,	2445
0,3,2,1,4,5,6,	2448
2,0,3,4,1,5,6,	2453
5,3,6,4,0,1,2,	2462
6,3,4,0,1,2,5,	2471
3,4,5,0,6,1,2,	2476
2,0,5,1,3,4,6,	2489
1,2,4,0,3,5,6,	2493
6,0,1,3,2,4,5,	2507
1,0,2,5,3,4,6,	2545
1,4,2,0,3,5,6,	2552
4,0,6,1,2,3,5,	2565
0,4,5,1,2,3,6,	2591
4,2,3,5,6,0,1,	2599
0,1,5,6,2,3,4,	2600
2,6,3,0,1,4,5,	2612
0,6,3,1,2,4,5,	2627
2,4,3,5,6,0,1,	2644
3,4,2,5,6,0,1,	2651
5,6,0,4,1,2,3,	2677
4,5,6,2,0,1,3,	2688
4,0,2,1,3,5,6,	2704
2,0,4,1,3,5,6,	2738
6,1,5,0,2,3,4,	2747
1,0,2,4,3,5,6,	2754
3,0,6,1,2,4,5,	2755
3,5,6,0,1,2,4,	2770
2,1,3,4,5,6,0,	2784
0,4,5,6,1,2,3,	2794
5,3,6,0,1,2,4,	2804
0,2,6,1,3,4,5,	2808
3,4,6,5,0,1,2,	2867
0,5,1,6,2,3,4,	2883
3,2,4,0,1,5,6,	2889
2,1,3,4,0,5,6,	2894
2,3,0,4,1,5,6,	2900
3,4,5,6,2,0,1,	2914
2,5,6,0,1,3,4,	2924
4,5,6,1,0,2,3,	2927
3,0,1,4,2,5,6,	2937
4,0,5,6,1,2,3,	2962
6,0,1,5,2,3,4,	2968
2,3,1,0,4,5,6,	2984
1,0,2,6,3,4,5,	2987
2,3,4,5,0,1,6,	2992
5,6,3,4,0,1,2,	3003
3,6,4,5,0,1,2,	3048
6,5,1,0,2,3,4,	3056
5,2,6,0,1,3,4,	3065
3,0,2,1,4,5,6,	3070
1,0,5,2,3,4,6,	3084
1,2,6,0,3,4,5,	3107
1,2,3,4,5,0,6,	3111
0,6,2,1,3,4,5,	3114
3,1,2,0,4,5,6,	3186
1,3,2,0,4,5,6,	3206
0,1,2,3,4,6,5,	3217
6,0,4,1,2,3,5,	3271
2,0,6,1,3,4,5,	3273
5,3,4,6,0,1,2,	3304
5,4,0,1,2,3,6,	3313
0,3,4,1,2,5,6,	3318
4,5,3,6,0,1,2,	3339
3,5,4,6,0,1,2,	3342
6,3,4,5,0,1,2,	3387
5,1,6,0,2,3,4,	3388
1,6,2,0,3,4,5,	3423
1,5,6,0,2,3,4,	3478
5,0,1,6,2,3,4,	3486
1,0,4,2,3,5,6,	3490
0,6,5,1,2,3,4,	3537
3,2,4,5,6,0,1,	3583
5,3,0,1,2,4,6,	3598
3,5,0,1,2,4,6,	3644
0,1,2,3,5,4,6,	3672
6,0,3,1,2,4,5,	3684
4,5,0,6,1,2,3,	3726
5,6,3,0,1,2,4,	3746
3,4,5,0,1,2,6,	3798
4,3,0,1,2,5,6,	3844
6,1,2,0,3,4,5,	3851
1,0,3,2,4,5,6,	3880
4,5,6,3,0,1,2,	3916
3,0,4,1,2,5,6,	3922
6,5,4,0,1,2,3,	3977
5,6,2,0,1,3,4,	3978
0,1,2,3,6,4,5,	4005
5,2,0,1,3,4,6,	4054
6,0,2,1,3,4,5,	4080
2,5,0,1,3,4,6,	4091
1,0,6,2,3,4,5,	4169
0,2,3,1,4,5,6,	4265
2,1,3,0,4,5,6,	4267
4,2,0,1,3,5,6,	4381
2,4,0,1,3,5,6,	4430
5,6,1,0,2,3,4,	4461
0,1,2,5,3,4,6,	4520
4,3,5,6,0,1,2,	4565
1,2,3,4,5,6,0,	4737
1,5,0,2,3,4,6,	4748
5,1,0,2,3,4,6,	4761
3,2,0,1,4,5,6,	4790
1,2,3,4,0,5,6,	4804
4,6,5,0,1,2,3,	4973
0,5,6,1,2,3,4,	4997
2,3,4,0,1,5,6,	5026
0,1,2,4,3,5,6,	5062
4,6,0,1,2,3,5,	5075
4,1,0,2,3,5,6,	5124
2,0,3,1,4,5,6,	5200
1,4,0,2,3,5,6,	5251
3,6,0,1,2,4,5,	5333
0,1,2,6,3,4,5,	5447
4,5,0,1,2,3,6,	5532
6,4,5,0,1,2,3,	5562
0,1,5,2,3,4,6,	5608
5,6,4,0,1,2,3,	5681
3,1,0,2,4,5,6,	5740
6,4,0,1,2,3,5,	5812
2,3,4,5,6,0,1,	5861
5,4,6,0,1,2,3,	5896
2,6,0,1,3,4,5,	5962
1,3,0,2,4,5,6,	5974
6,3,0,1,2,4,5,	6202
5,0,6,1,2,3,4,	6207
0,1,4,2,3,5,6,	6306
3,4,0,1,2,5,6,	6467
2,1,0,3,4,5,6,	6782
6,2,0,1,3,4,5,	6876
1,6,0,2,3,4,5,	6909
0,1,3,2,4,5,6,	7153
1,2,3,0,4,5,6,	7453
3,4,5,6,0,1,2,	7480
0,1,6,2,3,4,5,	7722
0,5,1,2,3,4,6,	7724
6,1,0,2,3,4,5,	8080
2,3,0,1,4,5,6,	8186
0,4,1,2,3,5,6,	8437
6,5,0,1,2,3,4,	9291
0,3,1,2,4,5,6,	9478
4,5,6,0,1,2,3,	9892
0,6,1,2,3,4,5,	11176
0,2,1,3,4,5,6,	11235
1,2,0,3,4,5,6,	11482
5,0,1,2,3,4,6,	11947
4,0,1,2,3,5,6,	12774
5,6,0,1,2,3,4,	13281
3,0,1,2,4,5,6,	14072
2,0,1,3,4,5,6,	16242
1,0,2,3,4,5,6,	20020
6,0,1,2,3,4,5,	20040
0,1,2,3,4,5,6,	39173
1,0,7,5,4,3,6,2,	1
0,7,2,5,1,4,6,3,	2
0,3,7,6,5,4,2,1,	3
0,2,7,1,6,5,4,3,	4
0,1,3,7,6,5,4,2,	5
0,1,6,7,5,4,3,2,	6
0,1,7,4,3,6,5,2,	7
0,1,3,2,7,6,5,4,	8
0,1,6,7,3,5,4,2,	9
0,1,2,7,6,5,4,3,	10
0,1,4,3,2,7,6,5,	11
0,1,3,4,7,6,5,2,	12
0,1,3,4,2,7,6,5,	13
0,1,3,4,6,7,5,2,	14
0,1,2,5,4,7,6,3,	15
0,1,2,5,7,6,4,3,	16
0,1,3,2,6,7,5,4,	17
0,1,2,4,7,6,5,3,	18
0,1,2,7,6,4,5,3,	19
0,1,2,6,4,7,5,3,	20
0,1,3,4,2,6,7,5,	21
0,1,2,4,6,7,5,3,	22
0,1,2,5,7,4,6,3,	23
0,1,4,5,3,7,2,6,	24
0,1,5,3,6,4,7,2,	25
0,1,3,4,5,7,6,2,	26
0,1,2,7,5,4,6,3,	27
0,1,3,4,6,5,7,2,	28
0,1,2,6,5,7,4,3,	29
0,1,2,4,5,7,6,3,	30
0,1,4,2,3,7,6,5,	31
0,1,3,5,2,6,7,4,	32
0,1,2,4,3,7,6,5,	33
0,1,4,2,5,7,6,3,	34
0,1,2,5,4,3,7,6,	35
0,1,3,6,7,5,2,4,	36
0,1,3,4,6,5,2,7,	37
0,1,3,6,7,4,2,5,	38
0,1,6,4,5,2,7,3,	39
0,1,2,5,6,4,7,3,	40
0,1,2,5,6,7,4,3,	41
0,1,2,4,7,3,6,5,	42
0,1,2,3,7,6,5,4,	43
0,1,2,7,4,5,6,3,	44
0,1,3,2,4,7,6,5,	45
0,1,6,5,2,4,3,7,	46
0,1,3,5,2,4,7,6,	47
0,1,2,7,3,6,5,4,	48
0,1,2,4,3,6,7,5,	49
0,1,2,5,3,7,6,4,	50
0,1,3,2,5,7,4,6,	51
0,1,3,7,2,4,6,5,	52
0,1,7,3,4,5,6,2,	53
0,1,4,2,7,3,6,5,	54
0,1,4,5,7,2,6,3,	55
0,1,3,2,7,4,6,5,	56
0,1,2,3,6,7,5,4,	57
0,1,4,2,6,3,7,5,	58
0,1,2,3,5,7,6,4,	59
0,1,2,6,3,5,7,4,	60
0,1,2,4,5,3,7,6,	61
0,1,5,3,6,7,2,4,	62
0,1,2,7,6,3,5,4,	63
0,1,2,6,4,5,3,7,	64
0,1,2,6,4,3,7,5,	65
0,1,3,2,4,6,7,5,	66
0,1,2,7,6,5,3,4,	67
0,1,4,6,2,5,3,7,	68
0,1,2,5,7,3,6,4,	69
0,1,2,3,7,5,6,4,	70
0,1,2,6,4,7,3,5,	71
0,1,2,3,6,5,7,4,	72
0,1,4,5,3,6,2,7,	73
0,1,4,3,5,6,7,2,	74
0,1,3,5,2,7,4,6,	75
0,1,2,4,5,7,3,6,	76
0,1,3,5,7,2,4,6,	77
0,2,4,5,1,6,3,7,	78
0,1,3,7,2,6,4,5,	79
0,1,2,6,3,7,5,4,	80
0,1,3,6,2,4,7,5,	81
0,1,2,7,4,5,3,6,	82
0,1,2,4,7,5,3,6,	83
0,1,2,6,7,3,5,4,	84
0,1,4,2,7,5,3,6,	85
0,2,3,7,6,1,4,5,	86
0,1,2,4,5,6,7,3,	87
0,1,4,2,6,7,3,5,	88
0,1,6,4,2,5,3,7,	89
0,1,4,7,5,6,2,3,	90
0,1,2,4,6,7,3,5,	91
0,1,2,6,7,4,3,5,	92
0,1,4,3,5,6,2,7,	93
0,1,3,4,2,6,5,7,	94
0,1,5,3,2,6,4,7,	95
0,1,2,5,7,6,3,4,	96
0,1,5,7,4,2,3,6,	97
0,1,5,6,4,2,3,7,	98
0,2,1,4,6,3,5,7,	99
0,1,3,7,6,2,4,5,	100
0,1,4,7,2,5,3,6,	101
0,1,3,2,6,7,4,5,	102
0,1,4,5,2,6,7,3,	103
0,2,4,1,3,6,5,7,	104
0,1,3,4,5,6,7,2,	105
0,1,2,5,4,6,3,7,	106
0,1,4,7,3,2,5,6,	107
0,1,7,4,2,5,3,6,	108
0,3,1,2,6,7,4,5,	109
0,1,4,6,5,2,3,7,	110
0,2,1,4,3,7,5,6,	111
0,1,3,6,2,7,4,5,	112
0,1,2,7,5,6,3,4,	113
0,1,2,3,5,6,7,4,	114
0,2,1,5,7,3,4,6,	115
0,1,2,5,3,6,7,4,	116
0,4,1,5,7,2,3,6,	117
0,6,2,1,4,3,5,7,	118
0,2,1,4,7,3,5,6,	119
0,1,3,6,4,2,5,7,	120
0,1,2,6,7,5,3,4,	121
0,2,3,6,7,1,4,5,	122
0,3,5,1,2,6,4,7,	123
0,1,6,2,7,5,3,4,	124
0,1,6,3,2,7,4,5,	125
0,2,3,4,1,7,5,6,	126
0,1,5,7,2,6,3,4,	127
0,2,4,5,3,1,6,7,	128
0,2,6,1,3,4,7,5,	129
0,2,5,1,7,3,4,6,	130
0,1,2,6,5,7,3,4,	131
0,1,2,5,6,3,7,4,	132
0,1,4,7,5,2,3,6,	133
0,3,2,1,7,4,5,6,	134
0,2,4,1,6,3,5,7,	135
0,2,3,6,4,1,5,7,	136
0,1,5,2,6,3,7,4,	137
0,1,6,7,2,4,3,5,	138
0,2,5,1,3,6,4,7,	139
0,2,4,1,7,3,5,6,	140
0,1,5,3,4,2,6,7,	141
0,1,5,4,6,7,2,3,	142
0,2,1,3,6,7,4,5,	143
0,1,5,2,3,6,7,4,	144
0,2,3,4,6,1,5,7,	145
0,1,7,4,5,2,3,6,	146
0,1,3,4,5,6,2,7,	147
0,1,2,3,5,4,7,6,	148
0,2,6,7,3,1,4,5,	149
0,1,3,4,7,2,5,6,	150
0,4,5,1,6,2,7,3,	151
0,1,4,5,3,2,6,7,	152
0,1,6,2,5,7,3,4,	153
0,1,6,4,7,2,3,5,	154
0,1,4,6,7,2,3,5,	155
0,2,6,4,1,3,5,7,	156
0,1,5,6,2,3,7,4,	157
0,1,3,6,7,2,4,5,	158
0,2,3,1,4,5,7,6,	159
0,1,6,3,7,2,4,5,	160
0,3,5,6,7,1,2,4,	161
0,3,1,5,4,2,6,7,	162
0,3,4,1,6,2,5,7,	163
1,4,6,7,5,0,2,3,	164
0,1,3,5,4,2,6,7,	165
0,5,2,6,7,1,3,4,	166
0,5,2,7,1,3,4,6,	167
0,3,4,5,6,1,7,2,	168
0,1,2,5,3,4,7,6,	169
0,3,1,7,4,2,5,6,	170
0,2,5,3,4,1,6,7,	171
0,2,7,1,4,3,5,6,	172
0,1,2,4,5,6,3,7,	173
0,3,2,6,1,4,5,7,	174
0,5,3,6,1,2,4,7,	175
0,2,4,6,1,3,5,7,	176
0,1,3,7,4,2,5,6,	177
0,3,4,1,5,6,2,7,	178
0,1,7,3,4,2,5,6,	179
0,3,6,2,1,4,5,7,	180
1,2,3,4,0,5,7,6,	181
0,1,2,3,6,5,4,7,	182
0,4,5,1,3,2,6,7,	183
0,1,2,3,4,7,6,5,	184
0,4,2,3,5,1,6,7,	185
0,5,2,3,4,1,6,7,	186
0,1,4,2,5,6,3,7,	187
0,2,5,1,6,3,4,7,	188
0,1,6,7,4,2,3,5,	189
0,5,3,2,1,4,6,7,	190
0,1,4,5,2,6,3,7,	191
0,3,4,1,7,2,5,6,	192
0,2,3,7,4,1,5,6,	193
0,2,5,4,1,3,6,7,	194
0,4,3,5,6,1,2,7,	195
0,2,7,1,6,3,4,5,	196
2,3,5,1,4,6,7,0,	197
0,4,5,6,7,3,1,2,	198
0,1,2,3,7,4,6,5,	199
1,4,0,2,6,3,5,7,	200
0,4,2,7,1,3,5,6,	201
0,6,7,2,3,1,4,5,	202
0,2,4,3,5,1,6,7,	203
0,3,4,2,5,1,6,7,	204
0,1,4,5,6,7,2,3,	205
0,1,6,2,3,5,4,7,	206
0,2,7,5,1,3,4,6,	207
0,7,5,3,1,2,4,6,	208
0,5,3,4,6,7,1,2,	209
0,1,2,3,7,5,4,6,	210
0,1,2,5,6,7,3,4,	211
0,3,4,5,1,6,2,7,	212
0,2,7,4,1,3,5,6,	213
0,1,5,2,3,4,7,6,	214
0,3,6,1,7,2,4,5,	215
0,4,1,5,6,7,2,3,	216
0,1,2,3,5,7,4,6,	217
0,3,7,1,4,2,5,6,	218
0,1,5,7,6,2,3,4,	219
0,1,2,6,3,5,4,7,	220
0,1,5,2,3,7,4,6,	221
0,2,4,1,5,3,6,7,	222
1,3,7,4,0,2,5,6,	223
0,6,1,7,5,2,3,4,	224
0,4,7,2,1,3,5,6,	225
0,4,1,5,2,6,3,7,	226
0,1,2,6,5,3,4,7,	227
0,5,6,2,1,3,4,7,	228
0,1,2,7,3,4,6,5,	229
0,5,1,2,3,4,7,6,	230
0,4,3,5,6,7,1,2,	231
0,1,5,2,6,7,3,4,	232
0,1,4,2,3,5,7,6,	233
0,1,7,5,6,2,3,4,	234
2,5,1,3,4,6,7,0,	235
0,2,1,6,7,3,4,5,	236
0,7,4,2,1,3,5,6,	237
0,1,2,3,7,6,4,5,	238
0,1,3,2,4,5,7,6,	239
0,5,6,7,3,1,2,4,	240
0,1,2,5,3,7,4,6,	241
0,1,2,7,3,5,4,6,	242
0,4,2,5,1,3,6,7,	243
0,2,3,4,5,6,1,7,	244
2,3,1,5,0,4,6,7,	245
1,3,2,6,0,4,5,7,	246
0,1,4,5,6,2,3,7,	247
0,6,1,2,3,5,4,7,	248
0,2,6,1,7,3,4,5,	249
0,1,2,4,3,7,5,6,	250
0,7,3,1,4,2,5,6,	251
0,2,3,1,5,4,6,7,	252
0,1,2,3,4,6,7,5,	253
0,1,2,4,3,6,5,7,	254
1,2,6,0,7,3,4,5,	255
0,2,3,1,7,4,5,6,	256
1,7,6,2,3,0,4,5,	257
1,0,6,2,3,7,4,5,	258
2,5,3,6,4,7,0,1,	259
0,3,7,6,1,2,4,5,	260
0,1,2,3,6,4,7,5,	261
1,2,4,3,5,6,0,7,	262
1,3,2,5,0,4,6,7,	263
0,1,7,2,3,4,6,5,	264
0,4,1,5,6,2,3,7,	265
0,1,6,2,5,3,4,7,	266
0,1,6,7,5,2,3,4,	267
2,5,4,6,7,0,1,3,	268
0,1,5,6,2,7,3,4,	269
0,2,6,3,1,4,5,7,	270
0,4,5,1,6,7,2,3,	271
1,0,4,3,2,5,6,7,	272
0,1,4,2,3,7,5,6,	273
2,0,5,6,1,3,4,7,	274
0,7,4,6,1,2,3,5,	275
2,7,6,5,0,1,3,4,	276
0,1,2,6,4,3,5,7,	277
0,1,6,5,7,2,3,4,	278
1,2,5,6,0,3,4,7,	279
0,5,1,6,2,7,3,4,	280
3,4,0,2,5,1,6,7,	281
0,5,6,7,2,1,3,4,	282
0,6,2,3,1,4,5,7,	283
0,1,2,5,4,3,6,7,	284
0,5,1,2,6,7,3,4,	285
1,5,0,6,7,2,3,4,	286
2,7,1,3,4,0,5,6,	287
0,5,4,6,1,2,3,7,	288
0,1,2,6,3,4,7,5,	289
0,4,6,5,7,1,2,3,	290
0,1,2,4,6,3,5,7,	291
0,1,2,5,7,3,4,6,	292
0,7,4,5,1,2,3,6,	293
1,0,5,6,2,3,4,7,	294
0,3,4,7,1,2,5,6,	295
1,2,3,6,4,5,7,0,	296
1,7,0,2,5,3,4,6,	297
3,7,6,4,0,1,2,5,	298
2,0,3,1,7,4,5,6,	299
0,3,4,5,6,1,2,7,	300
1,5,0,7,2,3,4,6,	301
0,2,3,6,1,4,5,7,	302
0,2,3,4,5,6,7,1,	303
3,0,7,2,1,4,5,6,	304
0,1,2,3,5,6,4,7,	305
0,1,6,2,3,4,7,5,	306
0,6,7,1,3,2,4,5,	307
0,1,4,2,6,3,5,7,	308
0,1,5,2,7,3,4,6,	309
0,1,2,4,7,3,5,6,	310
1,2,3,0,4,7,5,6,	311
1,0,7,4,2,3,5,6,	312
0,1,2,7,5,3,4,6,	313
1,6,0,2,3,7,4,5,	314
0,1,7,2,3,6,4,5,	315
0,5,1,2,3,7,4,6,	316
1,4,2,3,5,6,0,7,	317
0,4,1,2,3,6,5,7,	318
1,2,3,5,4,0,6,7,	319
1,0,3,7,2,4,5,6,	320
5,0,1,2,6,7,3,4,	321
2,5,7,6,0,1,3,4,	322
0,1,3,2,4,7,5,6,	323
1,5,6,7,2,0,3,4,	324
2,5,1,3,0,4,6,7,	325
1,2,3,0,6,4,5,7,	326
2,3,6,4,0,1,5,7,	327
2,7,3,1,0,4,5,6,	328
0,5,6,7,4,1,2,3,	329
1,6,2,3,4,5,7,0,	330
0,5,2,3,1,4,6,7,	331
0,4,1,2,6,3,5,7,	332
0,1,3,2,4,6,5,7,	333
1,2,3,6,4,0,5,7,	334
0,2,5,3,1,4,6,7,	335
3,4,1,2,5,0,6,7,	336
0,1,5,2,4,3,6,7,	337
0,1,2,7,4,3,5,6,	338
0,1,3,2,6,4,5,7,	339
0,6,1,2,5,3,4,7,	340
0,6,1,2,4,3,5,7,	341
1,3,4,2,5,6,7,0,	342
0,3,7,4,1,2,5,6,	343
1,3,0,2,7,4,5,6,	344
4,5,0,3,1,2,6,7,	345
2,1,0,3,5,4,6,7,	346
0,2,1,3,4,5,7,6,	347
0,1,6,5,2,3,4,7,	348
2,1,0,6,3,4,5,7,	349
2,0,6,3,1,4,5,7,	350
0,3,1,2,4,6,5,7,	351
1,3,4,5,6,7,0,2,	352
3,5,0,4,1,2,6,7,	353
0,6,7,1,5,2,3,4,	354
2,1,0,3,7,4,5,6,	355
0,7,1,2,3,4,6,5,	356
0,1,5,2,3,6,4,7,	357
0,1,2,5,3,6,4,7,	358
0,1,3,4,5,2,6,7,	359
0,3,6,7,1,2,4,5,	360
3,2,4,5,6,7,1,0,	361
2,0,3,6,1,4,5,7,	362
3,2,1,4,5,0,6,7,	363
1,5,2,3,4,0,6,7,	364
2,0,3,5,1,4,6,7,	365
0,3,4,2,1,5,6,7,	366
0,6,3,7,1,2,4,5,	367
1,4,0,2,5,3,6,7,	368
6,2,3,7,0,1,4,5,	369
3,6,7,5,0,1,2,4,	370
1,0,6,2,7,3,4,5,	371
4,3,0,1,5,2,6,7,	372
1,7,3,2,0,4,5,6,	374
0,1,7,2,5,3,4,6,	375
0,4,3,5,1,2,6,7,	376
0,2,3,7,1,4,5,6,	377
2,4,3,5,6,0,1,7,	378
1,7,0,2,6,3,4,5,	379
3,7,0,2,1,4,5,6,	380
1,2,3,5,4,6,7,0,	381
1,2,3,4,7,0,5,6,	382
2,0,5,3,1,4,6,7,	383
1,2,5,3,4,0,6,7,	384
2,4,0,5,1,3,6,7,	385
3,4,5,7,0,1,2,6,	386
0,1,3,2,7,4,5,6,	387
4,2,0,5,1,3,6,7,	388
1,4,5,6,0,2,3,7,	389
0,1,4,2,7,3,5,6,	390
0,1,3,2,5,4,6,7,	391
7,6,2,3,0,1,4,5,	392
1,5,2,3,4,6,7,0,	393
3,6,5,7,0,1,2,4,	394
3,2,4,1,0,5,6,7,	395
7,0,2,6,1,3,4,5,	396
0,5,1,2,4,3,6,7,	397
3,7,5,4,6,0,1,2,	398
4,5,0,2,1,3,6,7,	399
3,7,0,6,1,2,4,5,	400
3,7,2,4,5,6,0,1,	401
0,1,2,3,6,7,4,5,	403
0,6,7,4,1,2,3,5,	404
0,6,1,2,3,4,7,5,	405
1,2,3,0,5,4,6,7,	406
0,1,6,4,2,3,5,7,	407
0,1,5,2,6,3,4,7,	408
0,1,2,6,3,7,4,5,	409
2,6,0,3,1,4,5,7,	410
0,5,1,2,7,3,4,6,	411
0,3,4,5,6,7,1,2,	412
0,3,1,4,5,2,6,7,	413
7,0,5,1,6,2,3,4,	414
4,2,1,3,0,5,6,7,	415
0,1,2,5,6,3,4,7,	416
0,7,1,2,3,6,4,5,	417
0,3,4,1,5,2,6,7,	418
1,2,0,3,4,6,5,7,	419
3,2,1,4,5,6,7,0,	421
0,1,3,6,2,4,5,7,	422
0,1,4,6,2,3,5,7,	423
2,4,5,3,6,7,0,1,	424
0,1,5,4,2,3,6,7,	425
0,6,1,5,2,3,4,7,	426
1,2,4,3,5,0,6,7,	427
1,2,3,0,7,4,5,6,	428
2,3,4,5,1,6,7,0,	429
0,2,6,7,1,3,4,5,	430
5,1,0,6,2,3,4,7,	431
2,3,0,5,1,4,6,7,	432
0,1,2,7,6,3,4,5,	433
4,5,3,6,0,1,2,7,	434
1,2,0,3,4,7,5,6,	435
0,1,6,3,2,4,5,7,	436
0,1,6,2,3,7,4,5,	437
0,4,2,3,1,5,6,7,	438
4,5,7,0,6,1,2,3,	439
1,7,0,3,2,4,5,6,	440
0,5,1,2,3,6,4,7,	441
2,5,3,4,0,1,6,7,	442
4,0,1,2,6,3,5,7,	443
1,2,7,3,4,0,5,6,	444
4,1,2,3,5,0,6,7,	445
4,0,2,3,1,5,6,7,	446
3,4,6,7,5,0,1,2,	447
1,7,5,6,0,2,3,4,	448
4,5,2,6,7,0,1,3,	449
3,5,2,0,1,4,6,7,	450
0,6,2,7,1,3,4,5,	451
1,3,4,5,0,2,6,7,	452
1,5,4,0,2,3,6,7,	453
3,4,1,5,0,2,6,7,	454
0,6,7,3,1,2,4,5,	455
4,3,6,5,7,0,1,2,	456
0,1,5,6,7,2,3,4,	457
3,0,4,5,6,7,1,2,	458
0,5,1,4,2,3,6,7,	459
1,7,2,3,4,0,5,6,	461
0,2,1,3,4,7,5,6,	462
0,7,2,3,1,4,5,6,	463
3,4,5,0,6,1,2,7,	464
6,1,3,0,2,4,5,7,	465
5,0,1,2,4,3,6,7,	466
0,6,1,4,2,3,5,7,	467
6,7,2,5,0,1,3,4,	468
2,3,4,5,7,6,0,1,	469
0,1,7,5,2,3,4,6,	470
5,1,4,0,2,3,6,7,	471
6,5,0,1,7,2,3,4,	472
0,1,5,7,2,3,4,6,	474
1,6,0,2,7,3,4,5,	477
1,2,4,3,5,6,7,0,	478
0,4,1,2,7,3,5,6,	479
1,4,6,0,2,3,5,7,	480
5,4,6,7,1,0,2,3,	481
0,2,1,3,6,4,5,7,	482
3,7,0,4,1,2,5,6,	483
0,3,1,2,7,4,5,6,	484
0,1,7,2,6,3,4,5,	485
4,1,0,5,2,3,6,7,	487
0,4,5,6,1,2,3,7,	488
0,7,1,2,5,3,4,6,	489
0,1,5,3,2,4,6,7,	490
2,1,0,7,3,4,5,6,	491
0,2,3,4,5,1,6,7,	492
4,6,0,7,1,2,3,5,	493
4,3,5,6,7,2,0,1,	494
2,0,7,3,1,4,5,6,	495
6,3,0,7,1,2,4,5,	497
0,5,1,7,2,3,4,6,	498
1,0,3,4,2,5,6,7,	499
2,0,4,3,1,5,6,7,	500
0,3,2,4,1,5,6,7,	501
4,3,2,5,6,7,0,1,	502
0,5,1,6,7,2,3,4,	503
1,6,5,7,0,2,3,4,	504
0,1,2,4,5,3,6,7,	505
0,6,1,2,3,7,4,5,	506
1,2,6,3,0,4,5,7,	507
5,6,3,7,4,0,1,2,	508
0,1,3,5,2,4,6,7,	509
6,1,2,3,0,4,5,7,	510
5,6,4,0,1,2,3,7,	511
2,0,1,3,4,6,5,7,	512
1,4,5,6,7,0,2,3,	513
7,5,1,6,0,2,3,4,	514
1,3,5,0,2,4,6,7,	515
0,1,4,7,2,3,5,6,	516
3,0,4,1,5,2,6,7,	517
0,3,1,6,2,4,5,7,	518
2,3,7,4,5,6,0,1,	519
7,5,4,0,1,2,3,6,	520
0,5,7,6,1,2,3,4,	521
5,6,7,0,2,1,3,4,	522
5,1,3,0,2,4,6,7,	523
0,5,6,1,7,2,3,4,	524
3,2,1,4,0,5,6,7,	525
0,1,4,3,2,5,6,7,	527
0,3,1,5,2,4,6,7,	528
0,5,1,2,6,3,4,7,	529
4,3,2,0,1,5,6,7,	531
5,3,6,7,4,0,1,2,	532
2,1,6,0,3,4,5,7,	533
0,6,7,2,1,3,4,5,	534
2,3,0,7,1,4,5,6,	535
2,7,3,4,5,6,0,1,	536
1,2,6,7,0,3,4,5,	537
5,1,2,3,0,4,6,7,	539
4,0,1,6,2,3,5,7,	540
1,2,3,6,0,4,5,7,	541
3,4,6,0,1,2,5,7,	542
7,6,5,4,0,1,2,3,	544
3,4,0,5,6,7,1,2,	546
4,3,0,5,1,2,6,7,	548
1,2,5,3,0,4,6,7,	549
1,2,0,3,6,4,5,7,	550
1,5,7,0,2,3,4,6,	551
2,7,5,0,1,3,4,6,	552
1,2,0,3,5,4,6,7,	553
3,4,5,0,6,7,1,2,	554
6,0,7,2,1,3,4,5,	555
3,6,4,0,1,2,5,7,	556
2,5,6,0,1,3,4,7,	557
2,4,0,3,1,5,6,7,	559
0,1,7,4,2,3,5,6,	560
7,5,3,0,1,2,4,6,	561
1,6,7,2,0,3,4,5,	563
2,3,4,5,6,0,7,1,	564
2,6,0,7,1,3,4,5,	565
2,7,4,0,1,3,5,6,	566
1,7,0,6,2,3,4,5,	567
3,5,6,4,7,0,1,2,	568
2,4,3,5,0,1,6,7,	570
4,6,5,0,1,2,3,7,	574
0,1,4,2,5,3,6,7,	575
0,4,1,3,2,5,6,7,	576
4,3,5,6,0,1,2,7,	577
1,4,3,0,2,5,6,7,	579
4,7,2,0,1,3,5,6,	580
0,6,5,1,2,3,4,7,	582
5,0,1,4,2,3,6,7,	584
6,7,5,2,0,1,3,4,	585
2,3,4,5,6,7,1,0,	586
7,2,3,4,5,6,0,1,	589
0,1,3,7,2,4,5,6,	591
0,4,1,7,2,3,5,6,	592
5,2,3,4,6,7,0,1,	593
5,3,6,4,7,0,1,2,	594
7,6,0,2,1,3,4,5,	595
2,3,1,4,5,0,6,7,	599
2,7,0,3,1,4,5,6,	602
1,2,0,3,7,4,5,6,	604
1,5,2,3,0,4,6,7,	605
3,1,0,4,2,5,6,7,	607
1,2,3,5,0,4,6,7,	608
0,7,5,6,1,2,3,4,	609
0,7,1,2,6,3,4,5,	610
5,6,3,7,0,1,2,4,	611
0,1,5,6,2,3,4,7,	617
2,0,1,3,4,7,5,6,	618
1,2,0,6,3,4,5,7,	619
0,3,4,5,1,2,6,7,	620
0,6,7,5,1,2,3,4,	622
0,4,6,1,2,3,5,7,	623
2,5,1,0,3,4,6,7,	626
5,0,1,7,2,3,4,6,	627
0,4,1,2,5,3,6,7,	631
0,1,7,3,2,4,5,6,	632
2,5,3,4,6,7,0,1,	633
2,3,5,4,6,7,0,1,	634
3,4,5,2,6,7,0,1,	636
3,0,1,6,2,4,5,7,	637
2,3,1,4,5,6,7,0,	639
1,2,3,7,0,4,5,6,	641
7,5,2,0,1,3,4,6,	644
2,1,4,0,3,5,6,7,	646
1,2,0,5,3,4,6,7,	648
1,3,0,4,2,5,6,7,	649
0,1,2,6,7,3,4,5,	650
0,5,4,1,2,3,6,7,	652
4,5,2,0,1,3,6,7,	655
4,2,1,0,3,5,6,7,	656
0,3,1,7,2,4,5,6,	657
4,7,6,5,0,1,2,3,	659
0,5,1,6,2,3,4,7,	660
5,4,7,6,0,1,2,3,	662
5,6,7,0,4,1,2,3,	663
1,0,2,3,4,6,5,7,	665
3,0,1,5,2,4,6,7,	666
1,2,4,3,0,5,6,7,	667
2,4,1,0,3,5,6,7,	669
5,0,1,3,2,4,6,7,	671
5,6,1,0,2,3,4,7,	672
1,6,0,7,2,3,4,5,	673
5,0,7,6,1,2,3,4,	674
7,2,0,3,1,4,5,6,	675
3,1,2,4,5,6,7,0,	676
0,7,1,4,2,3,5,6,	678
0,6,3,1,2,4,5,7,	679
5,4,6,7,3,0,1,2,	681
6,0,7,5,1,2,3,4,	682
1,7,4,0,2,3,5,6,	686
4,1,2,3,0,5,6,7,	687
0,7,1,5,2,3,4,6,	688
2,3,4,1,0,5,6,7,	690
0,6,5,7,1,2,3,4,	691
3,4,5,7,6,0,1,2,	694
3,5,4,0,1,2,6,7,	695
4,0,1,7,2,3,5,6,	696
0,1,6,2,7,3,4,5,	698
7,0,1,2,4,3,5,6,	699
6,0,1,2,3,7,4,5,	700
3,5,6,7,0,1,2,4,	701
1,4,2,3,0,5,6,7,	703
4,5,0,6,1,2,3,7,	706
0,1,4,5,2,3,6,7,	707
3,4,5,6,0,7,1,2,	708
1,0,2,3,4,7,5,6,	709
2,3,5,0,1,4,6,7,	710
0,2,1,4,3,5,6,7,	713
2,5,3,0,1,4,6,7,	718
0,1,7,6,2,3,4,5,	719
0,3,6,1,2,4,5,7,	720
3,7,1,0,2,4,5,6,	721
4,5,6,7,2,0,1,3,	722
2,6,3,0,1,4,5,7,	723
6,3,4,5,7,0,1,2,	724
2,0,1,3,5,4,6,7,	725
6,0,4,1,2,3,5,7,	728
2,5,6,7,0,1,3,4,	735
5,6,2,7,0,1,3,4,	737
2,3,6,0,1,4,5,7,	738
1,2,0,4,3,5,6,7,	741
2,0,1,3,7,4,5,6,	744
7,6,4,5,0,1,2,3,	747
2,3,4,0,5,1,6,7,	748
3,4,7,5,6,0,1,2,	750
6,7,1,2,0,3,4,5,	752
4,7,6,0,1,2,3,5,	753
3,2,4,5,0,1,6,7,	754
5,6,1,7,0,2,3,4,	756
3,2,1,0,4,5,6,7,	757
6,0,5,1,2,3,4,7,	758
0,4,1,5,2,3,6,7,	759
6,0,5,7,1,2,3,4,	760
4,0,6,1,2,3,5,7,	763
7,5,6,4,0,1,2,3,	764
0,2,1,7,3,4,5,6,	765
6,7,0,4,1,2,3,5,	766
4,0,1,3,2,5,6,7,	768
2,4,3,5,6,7,0,1,	769
4,1,5,0,2,3,6,7,	770
3,2,0,4,1,5,6,7,	773
2,1,7,0,3,4,5,6,	774
3,6,4,5,7,0,1,2,	775
7,0,5,6,1,2,3,4,	777
0,5,3,1,2,4,6,7,	778
3,4,6,5,7,0,1,2,	781
4,5,1,0,2,3,6,7,	782
5,6,0,1,7,2,3,4,	784
7,1,4,0,2,3,5,6,	787
2,0,1,6,3,4,5,7,	788
1,7,3,0,2,4,5,6,	789
4,5,6,7,1,0,2,3,	790
6,7,0,3,1,2,4,5,	792
1,0,2,3,6,4,5,7,	793
1,2,0,7,3,4,5,6,	794
1,4,5,0,2,3,6,7,	799
5,0,1,6,2,3,4,7,	802
1,2,7,3,0,4,5,6,	809
1,7,2,3,0,4,5,6,	815
2,7,1,0,3,4,5,6,	816
7,1,3,0,2,4,5,6,	817
3,0,1,7,2,4,5,6,	818
1,5,6,7,0,2,3,4,	819
3,4,2,5,6,7,0,1,	820
3,7,4,5,6,0,1,2,	821
7,3,1,0,2,4,5,6,	824
4,5,6,3,7,0,1,2,	825
0,3,5,1,2,4,6,7,	826
7,4,6,0,1,2,3,5,	827
4,0,1,2,5,3,6,7,	829
3,4,5,6,7,2,0,1,	832
0,2,6,1,3,4,5,7,	833
0,4,3,1,2,5,6,7,	839
0,1,3,4,2,5,6,7,	841
2,7,6,0,1,3,4,5,	842
0,6,2,1,3,4,5,7,	843
2,1,3,4,5,0,6,7,	848
0,4,7,1,2,3,5,6,	856
3,1,2,4,0,5,6,7,	859
3,7,4,0,1,2,5,6,	861
2,3,4,5,6,0,1,7,	863
3,4,2,0,1,5,6,7,	864
3,0,6,1,2,4,5,7,	865
7,0,1,5,2,3,4,6,	874
5,7,0,6,1,2,3,4,	880
7,3,6,0,1,2,4,5,	882
2,4,3,0,1,5,6,7,	885
0,2,5,1,3,4,6,7,	887
2,0,1,5,3,4,6,7,	890
2,1,3,4,5,6,7,0,	891
6,7,0,2,1,3,4,5,	892
0,5,2,1,3,4,6,7,	895
7,6,4,0,1,2,3,5,	896
0,7,1,6,2,3,4,5,	897
1,7,6,0,2,3,4,5,	899
1,3,4,0,2,5,6,7,	900
3,1,4,0,2,5,6,7,	902
0,2,3,4,1,5,6,7,	907
7,4,5,0,1,2,3,6,	908
7,1,2,3,0,4,5,6,	911
1,0,2,3,5,4,6,7,	912
6,0,3,1,2,4,5,7,	914
1,2,6,0,3,4,5,7,	917
2,0,1,4,3,5,6,7,	918
6,5,0,7,1,2,3,4,	925
0,7,5,1,2,3,4,6,	926
1,0,2,3,7,4,5,6,	927
4,6,7,5,0,1,2,3,	935
3,4,0,5,1,2,6,7,	937
0,4,2,1,3,5,6,7,	938
3,0,5,1,2,4,6,7,	940
6,1,2,0,3,4,5,7,	941
6,0,2,1,3,4,5,7,	943
6,0,1,2,7,3,4,5,	947
1,6,2,0,3,4,5,7,	949
2,3,7,0,1,4,5,6,	955
7,2,6,0,1,3,4,5,	956
4,3,5,0,1,2,6,7,	961
4,2,3,0,1,5,6,7,	962
0,5,6,1,2,3,4,7,	970
1,2,3,4,5,6,0,7,	972
3,4,1,0,2,5,6,7,	974
7,6,3,0,1,2,4,5,	979
4,0,3,1,2,5,6,7,	982
7,2,1,0,3,4,5,6,	983
2,0,6,1,3,4,5,7,	985
7,0,1,4,2,3,5,6,	991
5,6,7,3,0,1,2,4,	992
6,5,7,4,0,1,2,3,	994
2,0,1,7,3,4,5,6,	995
5,1,2,0,3,4,6,7,	996
1,0,2,6,3,4,5,7,	998
0,2,4,1,3,5,6,7,	1003
3,4,5,6,0,1,2,7,	1013
0,3,1,4,2,5,6,7,	1017
3,5,4,6,7,0,1,2,	1021
0,7,4,1,2,3,5,6,	1026
5,0,2,1,3,4,6,7,	1029
1,2,5,0,3,4,6,7,	1032
6,4,7,0,1,2,3,5,	1034
6,7,0,5,1,2,3,4,	1045
5,3,4,6,7,0,1,2,	1046
4,5,3,6,7,0,1,2,	1049
2,7,3,0,1,4,5,6,	1051
4,5,6,0,7,1,2,3,	1059
1,5,2,0,3,4,6,7,	1061
2,0,3,4,1,5,6,7,	1063
4,6,7,0,1,2,3,5,	1066
0,3,2,1,4,5,6,7,	1067
0,1,2,3,4,5,7,6,	1068
1,2,4,0,3,5,6,7,	1069
3,6,7,0,1,2,4,5,	1080
7,1,6,0,2,3,4,5,	1082
4,1,2,0,3,5,6,7,	1084
0,1,6,7,2,3,4,5,	1090
0,5,6,7,1,2,3,4,	1091
7,0,1,3,2,4,5,6,	1092
3,2,4,5,6,7,0,1,	1096
1,0,2,5,3,4,6,7,	1110
0,4,5,1,2,3,6,7,	1112
4,5,6,7,3,0,1,2,	1114
7,6,2,0,1,3,4,5,	1134
4,0,2,1,3,5,6,7,	1137
1,4,2,0,3,5,6,7,	1141
6,3,7,0,1,2,4,5,	1145
5,0,6,1,2,3,4,7,	1152
0,6,1,7,2,3,4,5,	1155
6,7,4,5,0,1,2,3,	1163
5,6,7,1,0,2,3,4,	1172
0,2,7,1,3,4,5,6,	1175
1,0,2,4,3,5,6,7,	1188
2,0,4,1,3,5,6,7,	1195
0,7,3,1,2,4,5,6,	1199
4,7,5,6,0,1,2,3,	1204
7,6,1,0,2,3,4,5,	1215
6,5,0,1,2,3,4,7,	1226
0,1,2,3,4,6,5,7,	1237
2,6,7,0,1,3,4,5,	1238
3,2,4,0,1,5,6,7,	1247
1,0,6,2,3,4,5,7,	1256
7,0,1,6,2,3,4,5,	1258
5,0,6,7,1,2,3,4,	1265
3,0,1,4,2,5,6,7,	1278
7,0,5,1,2,3,4,6,	1287
2,3,0,4,1,5,6,7,	1291
1,0,2,7,3,4,5,6,	1293
2,3,1,0,4,5,6,7,	1309
2,1,3,4,0,5,6,7,	1312
2,3,4,5,0,1,6,7,	1313
1,2,7,0,3,4,5,6,	1316
0,7,2,1,3,4,5,6,	1320
7,4,5,6,0,1,2,3,	1329
5,6,4,7,0,1,2,3,	1335
4,6,5,7,0,1,2,3,	1336
2,0,7,1,3,4,5,6,	1338
0,7,6,1,2,3,4,5,	1345
4,0,5,1,2,3,6,7,	1346
1,7,2,0,3,4,5,6,	1351
1,0,5,2,3,4,6,7,	1358
4,6,0,1,2,3,5,7,	1361
1,2,3,4,5,0,6,7,	1370
0,1,2,3,4,7,5,6,	1378
4,5,6,0,1,2,3,7,	1386
5,4,0,1,2,3,6,7,	1388
1,6,7,0,2,3,4,5,	1391
3,1,2,0,4,5,6,7,	1395
1,3,2,0,4,5,6,7,	1419
4,3,5,6,7,0,1,2,	1422
6,3,0,1,2,4,5,7,	1438
0,3,4,1,2,5,6,7,	1448
0,1,2,3,6,4,5,7,	1449
6,1,7,0,2,3,4,5,	1457
3,6,0,1,2,4,5,7,	1462
1,2,3,4,5,6,7,0,	1466
6,7,3,0,1,2,4,5,	1468
7,0,3,1,2,4,5,6,	1472
3,5,0,1,2,4,6,7,	1480
1,0,4,2,3,5,6,7,	1495
6,7,2,0,1,3,4,5,	1528
6,0,1,7,2,3,4,5,	1535
7,1,2,0,3,4,5,6,	1538
5,3,0,1,2,4,6,7,	1540
7,6,5,0,1,2,3,4,	1566
5,6,7,4,0,1,2,3,	1567
5,6,0,7,1,2,3,4,	1572
2,6,0,1,3,4,5,7,	1587
4,3,0,1,2,5,6,7,	1623
0,1,2,3,5,4,6,7,	1632
3,4,5,0,1,2,6,7,	1647
3,0,4,1,2,5,6,7,	1648
5,2,0,1,3,4,6,7,	1704
0,1,2,6,3,4,5,7,	1730
1,0,3,2,4,5,6,7,	1735
1,0,7,2,3,4,5,6,	1736
2,5,0,1,3,4,6,7,	1740
7,0,2,1,3,4,5,6,	1750
0,1,2,3,7,4,5,6,	1789
5,4,6,7,0,1,2,3,	1800
2,3,4,5,6,7,0,1,	1821
6,7,1,0,2,3,4,5,	1825
0,2,3,1,4,5,6,7,	1831
1,6,0,2,3,4,5,7,	1835
2,1,3,0,4,5,6,7,	1859
4,2,0,1,3,5,6,7,	1879
7,0,6,1,2,3,4,5,	1903
2,4,0,1,3,5,6,7,	1909
6,1,0,2,3,4,5,7,	1910
5,7,0,1,2,3,4,6,	1941
5,7,6,0,1,2,3,4,	1947
0,1,2,5,3,4,6,7,	1960
1,5,0,2,3,4,6,7,	2034
4,7,0,1,2,3,5,6,	2039
0,6,7,1,2,3,4,5,	2056
5,1,0,2,3,4,6,7,	2057
3,2,0,1,4,5,6,7,	2087
5,6,0,1,2,3,4,7,	2093
1,2,3,4,0,5,6,7,	2127
4,1,0,2,3,5,6,7,	2131
7,5,6,0,1,2,3,4,	2183
2,3,4,0,1,5,6,7,	2187
3,7,0,1,2,4,5,6,	2188
1,4,0,2,3,5,6,7,	2221
2,0,3,1,4,5,6,7,	2233
7,5,0,1,2,3,4,6,	2259
3,4,5,6,7,0,1,2,	2267
6,7,5,0,1,2,3,4,	2269
0,1,6,2,3,4,5,7,	2317
0,1,2,4,3,5,6,7,	2321
7,4,0,1,2,3,5,6,	2332
4,5,0,1,2,3,6,7,	2345
0,1,5,2,3,4,6,7,	2358
0,1,2,7,3,4,5,6,	2364
6,5,7,0,1,2,3,4,	2367
2,7,0,1,3,4,5,6,	2417
7,3,0,1,2,4,5,6,	2426
3,1,0,2,4,5,6,7,	2449
1,3,0,2,4,5,6,7,	2485
6,0,7,1,2,3,4,5,	2513
0,1,4,2,3,5,6,7,	2665
7,2,0,1,3,4,5,6,	2776
3,4,0,1,2,5,6,7,	2779
2,1,0,3,4,5,6,7,	2867
1,7,0,2,3,4,5,6,	2883
4,5,6,7,0,1,2,3,	2974
0,6,1,2,3,4,5,7,	3041
0,1,3,2,4,5,6,7,	3130
0,5,1,2,3,4,6,7,	3169
0,1,7,2,3,4,5,6,	3236
1,2,3,0,4,5,6,7,	3248
7,1,0,2,3,4,5,6,	3335
2,3,0,1,4,5,6,7,	3537
0,4,1,2,3,5,6,7,	3547
7,6,0,1,2,3,4,5,	3784
5,6,7,0,1,2,3,4,	3937
0,3,1,2,4,5,6,7,	3967
6,0,1,2,3,4,5,7,	4726
0,7,1,2,3,4,5,6,	4767
0,2,1,3,4,5,6,7,	4799
5,0,1,2,3,4,6,7,	4989
1,2,0,3,4,5,6,7,	5057
6,7,0,1,2,3,4,5,	5326
4,0,1,2,3,5,6,7,	5409
3,0,1,2,4,5,6,7,	5936
2,0,1,3,4,5,6,7,	6903
7,0,1,2,3,4,5,6,	8155
1,0,2,3,4,5,6,7,	8517
0,1,2,3,4,5,6,7,	16416
0,1,2,3,6,5,8,7,4,	1
0,1,2,3,5,8,7,6,4,	2
0,1,2,4,3,8,6,7,5,	3
0,1,2,3,5,6,8,7,4,	4
0,1,2,3,6,8,5,4,7,	5
0,1,2,3,5,7,8,6,4,	6
0,1,2,3,7,5,8,6,4,	7
0,1,2,3,5,4,7,8,6,	8
0,1,2,3,5,8,6,7,4,	9
0,1,2,3,5,7,6,8,4,	10
0,1,2,3,5,4,8,7,6,	11
0,1,2,3,6,5,7,8,4,	12
0,1,2,3,5,7,4,8,6,	13
0,1,2,3,5,6,4,8,7,	14
0,1,2,3,4,8,7,6,5,	15
0,1,2,3,4,7,8,6,5,	16
0,1,2,3,7,4,8,6,5,	17
0,1,2,4,3,6,7,5,8,	18
0,1,2,3,4,8,6,7,5,	19
0,1,2,3,4,7,6,8,5,	20
0,1,2,3,4,6,8,7,5,	21
0,1,2,3,7,8,5,4,6,	22
0,1,2,3,5,6,8,4,7,	23
0,1,2,4,5,6,7,3,8,	24
0,1,2,3,7,6,8,4,5,	25
0,1,2,3,6,5,7,4,8,	26
0,1,2,3,4,6,7,8,5,	27
0,1,2,4,5,7,3,6,8,	28
0,1,2,6,5,7,3,4,8,	29
0,1,2,7,4,8,3,5,6,	30
0,1,2,7,4,5,3,6,8,	31
0,1,2,3,6,7,4,8,5,	32
0,1,2,5,7,8,3,4,6,	33
0,1,3,4,2,5,7,6,8,	34
0,1,2,6,3,4,7,8,5,	35
0,1,2,4,7,8,3,5,6,	36
0,1,2,4,8,5,3,6,7,	37
0,1,2,6,7,3,4,8,5,	38
0,1,2,3,6,4,5,8,7,	39
0,1,3,4,2,8,5,6,7,	40
0,1,2,4,6,5,3,7,8,	41
0,1,2,7,3,6,8,4,5,	42
0,1,2,3,5,6,7,4,8,	43
0,1,2,3,4,5,8,7,6,	44
0,1,2,3,4,6,5,8,7,	45
0,1,2,6,8,7,3,4,5,	46
0,1,2,5,3,6,7,4,8,	47
0,1,3,7,4,2,5,6,8,	48
0,1,2,6,3,4,8,5,7,	49
0,1,3,6,2,7,4,5,8,	50
0,1,3,4,7,2,5,6,8,	51
0,1,6,5,7,8,2,3,4,	52
0,1,7,3,4,2,5,6,8,	53
0,1,5,7,8,2,3,4,6,	54
0,1,2,3,4,7,6,5,8,	55
0,1,5,2,6,7,3,4,8,	56
0,1,2,3,4,8,5,7,6,	57
0,1,2,5,3,4,7,6,8,	58
0,1,2,5,3,4,6,8,7,	59
0,1,2,8,6,7,3,4,5,	60
0,1,2,3,4,6,8,5,7,	61
0,1,2,3,4,8,7,5,6,	62
0,1,2,3,6,8,4,5,7,	63
0,1,2,3,7,5,4,6,8,	64
0,1,4,5,3,2,6,7,8,	65
0,1,2,3,4,8,6,5,7,	66
0,1,2,3,4,5,7,8,6,	67
0,1,2,3,4,7,5,8,6,	68
0,1,5,6,2,7,3,4,8,	69
0,1,2,3,7,4,6,5,8,	70
0,1,2,3,5,4,8,6,7,	71
0,1,3,2,4,5,6,8,7,	72
0,1,2,3,8,4,5,7,6,	73
0,1,2,3,8,6,4,5,7,	74
0,1,4,2,3,5,6,8,7,	75
0,1,2,4,3,5,6,8,7,	76
0,2,1,5,6,3,4,7,8,	77
0,1,2,3,5,7,4,6,8,	78
0,1,2,3,6,5,4,7,8,	79
0,1,2,3,8,4,7,5,6,	80
0,1,2,3,8,5,4,6,7,	81
0,1,2,3,5,8,4,6,7,	82
0,2,3,4,5,6,7,8,1,	83
0,1,4,3,5,2,6,7,8,	84
0,1,2,6,3,5,4,7,8,	85
0,1,7,2,3,5,4,6,8,	86
0,1,2,3,4,6,7,5,8,	87
0,1,2,5,3,8,4,6,7,	88
0,1,2,3,7,4,5,8,6,	89
0,1,2,6,3,8,4,5,7,	90
0,5,1,2,3,4,8,6,7,	91
0,1,2,6,7,8,3,4,5,	92
0,1,4,2,3,5,7,6,8,	93
0,1,4,2,5,6,3,7,8,	94
0,1,2,4,3,6,5,7,8,	95
0,1,3,2,4,5,8,6,7,	96
0,1,2,4,3,7,5,6,8,	97
0,1,2,4,3,5,7,6,8,	98
0,1,5,2,7,3,4,6,8,	99
0,1,2,6,3,4,7,5,8,	100
0,1,2,5,7,3,4,6,8,	101
0,1,2,5,3,7,4,6,8,	102
0,1,2,8,3,6,4,5,7,	103
0,1,2,3,6,4,7,5,8,	104
0,4,1,3,5,2,6,7,8,	105
1,3,4,2,5,6,7,8,0,	106
0,3,1,2,4,5,6,8,7,	107
0,1,6,2,3,4,7,5,8,	108
0,1,2,4,3,8,5,6,7,	109
0,1,2,7,3,4,8,5,6,	110
0,1,8,2,3,4,7,5,6,	111
0,1,2,6,4,3,5,7,8,	112
0,1,7,2,3,4,5,8,6,	113
0,1,2,3,6,7,4,5,8,	114
0,1,2,6,3,7,4,5,8,	115
0,1,6,2,3,7,4,5,8,	116
0,2,3,1,8,4,5,6,7,	117
0,1,2,3,7,4,8,5,6,	118
0,1,2,6,8,3,4,5,7,	119
0,1,2,8,3,5,4,6,7,	120
0,5,3,4,1,2,6,7,8,	121
0,1,2,3,4,7,8,5,6,	122
0,1,2,5,4,3,6,7,8,	123
0,1,7,2,5,3,4,6,8,	124
0,1,3,2,4,6,5,7,8,	125
0,1,2,3,5,6,4,7,8,	126
0,1,4,2,3,8,5,6,7,	127
0,1,2,3,8,7,4,5,6,	128
0,1,4,2,6,3,5,7,8,	129
0,1,6,2,8,3,4,5,7,	130
0,3,2,4,5,1,6,7,8,	131
0,8,2,7,1,3,4,5,6,	132
0,1,3,2,7,4,5,6,8,	133
1,6,0,3,2,4,5,7,8,	134
0,5,6,7,1,8,2,3,4,	135
0,1,8,2,3,7,4,5,6,	136
0,1,6,5,2,3,4,7,8,	137
1,3,0,6,2,4,5,7,8,	138
0,1,3,2,4,8,5,6,7,	139
0,1,5,7,2,3,4,6,8,	140
0,1,7,2,3,4,8,5,6,	141
0,4,1,2,3,6,5,7,8,	142
0,2,5,3,1,4,6,7,8,	143
1,4,5,2,0,3,6,7,8,	144
2,3,4,8,5,6,7,0,1,	145
0,1,2,6,7,3,4,5,8,	146
0,1,5,2,4,3,6,7,8,	147
0,1,2,4,8,3,5,6,7,	148
0,1,2,8,4,3,5,6,7,	149
0,1,5,2,3,6,4,7,8,	150
0,1,3,2,8,4,5,6,7,	151
0,1,3,2,5,4,6,7,8,	152
1,6,8,7,0,2,3,4,5,	153
0,1,8,2,6,3,4,5,7,	154
1,4,2,3,5,6,7,8,0,	155
0,3,1,2,4,7,5,6,8,	156
0,1,2,8,5,3,4,6,7,	157
0,1,8,2,5,3,4,6,7,	158
0,2,1,3,4,5,8,6,7,	159
1,2,0,3,4,7,5,6,8,	160
0,3,4,2,1,5,6,7,8,	161
2,1,3,4,5,6,7,0,8,	162
0,1,4,7,2,3,5,6,8,	163
0,1,2,3,7,8,4,5,6,	164
0,1,5,2,6,3,4,7,8,	165
0,2,1,3,4,7,5,6,8,	166
0,1,2,5,3,6,4,7,8,	167
0,1,6,2,7,3,4,5,8,	168
0,7,1,3,2,4,5,6,8,	169
0,2,1,3,4,6,5,7,8,	170
0,1,3,6,2,4,5,7,8,	171
0,7,8,4,1,2,3,5,6,	172
0,1,3,7,2,4,5,6,8,	173
1,0,4,5,2,3,6,7,8,	174
0,6,1,4,2,3,5,7,8,	175
0,7,1,4,2,3,5,6,8,	176
1,0,8,7,2,3,4,5,6,	177
3,4,5,2,6,7,8,0,1,	178
0,1,2,7,3,8,4,5,6,	179
0,2,4,3,1,5,6,7,8,	180
0,6,1,7,8,2,3,4,5,	181
0,1,8,2,7,3,4,5,6,	182
0,1,8,6,2,3,4,5,7,	183
0,1,6,7,8,2,3,4,5,	184
0,2,1,3,4,8,5,6,7,	185
1,3,2,4,5,6,7,8,0,	186
0,1,5,4,2,3,6,7,8,	187
0,1,5,3,2,4,6,7,8,	188
0,1,6,4,2,3,5,7,8,	189
0,1,4,6,2,3,5,7,8,	190
0,1,8,5,2,3,4,6,7,	191
0,1,6,3,2,4,5,7,8,	192
1,0,3,4,2,5,6,7,8,	193
1,7,2,3,0,4,5,6,8,	194
1,2,0,3,7,4,5,6,8,	195
0,1,2,5,6,3,4,7,8,	196
0,1,8,2,4,3,5,6,7,	197
0,6,1,2,7,3,4,5,8,	198
1,2,6,3,0,4,5,7,8,	199
0,1,7,2,3,8,4,5,6,	200
0,8,1,2,5,3,4,6,7,	201
2,3,1,4,5,6,0,7,8,	202
3,1,4,2,0,5,6,7,8,	203
0,1,3,5,2,4,6,7,8,	204
0,7,8,2,1,3,4,5,6,	205
1,7,3,0,2,4,5,6,8,	206
0,2,3,4,5,1,6,7,8,	207
1,2,7,3,0,4,5,6,8,	208
2,0,8,3,1,4,5,6,7,	209
1,6,2,3,0,4,5,7,8,	210
1,3,6,0,2,4,5,7,8,	211
0,2,1,3,7,4,5,6,8,	212
0,7,1,2,3,8,4,5,6,	213
0,6,1,8,2,3,4,5,7,	214
0,2,1,3,6,4,5,7,8,	215
4,0,1,2,8,3,5,6,7,	216
3,1,5,0,2,4,6,7,8,	217
0,1,2,4,5,3,6,7,8,	218
0,5,1,3,2,4,6,7,8,	219
1,2,7,8,0,3,4,5,6,	220
2,1,7,0,3,4,5,6,8,	221
1,4,0,5,2,3,6,7,8,	222
2,8,0,3,1,4,5,6,7,	223
1,7,8,2,0,3,4,5,6,	224
1,2,3,6,0,4,5,7,8,	225
0,1,4,3,2,5,6,7,8,	226
1,2,5,3,0,4,6,7,8,	227
0,6,1,7,2,3,4,5,8,	228
4,3,0,5,1,2,6,7,8,	229
6,3,4,0,1,2,5,7,8,	230
0,1,4,8,2,3,5,6,7,	231
1,3,5,0,2,4,6,7,8,	232
0,5,1,2,6,3,4,7,8,	233
0,1,6,7,2,3,4,5,8,	234
0,3,1,5,2,4,6,7,8,	235
0,7,6,8,1,2,3,4,5,	236
0,1,4,2,5,3,6,7,8,	237
1,4,3,0,2,5,6,7,8,	238
0,8,1,2,4,3,5,6,7,	239
0,7,8,6,1,2,3,4,5,	240
2,4,3,5,6,7,8,0,1,	241
3,1,2,4,5,0,6,7,8,	242
0,7,5,1,2,3,4,6,8,	243
2,0,3,4,5,1,6,7,8,	244
0,8,1,6,2,3,4,5,7,	245
0,8,6,7,1,2,3,4,5,	246
0,3,1,8,2,4,5,6,7,	247
0,2,1,3,5,4,6,7,8,	248
0,2,1,3,8,4,5,6,7,	249
0,5,7,1,2,3,4,6,8,	250
1,4,8,0,2,3,5,6,7,	251
1,2,0,7,3,4,5,6,8,	252
1,0,2,3,4,7,5,6,8,	253
0,7,4,1,2,3,5,6,8,	254
1,5,6,0,2,3,4,7,8,	255
0,8,1,5,2,3,4,6,7,	257
2,0,1,3,7,4,5,6,8,	258
1,2,0,3,6,4,5,7,8,	259
1,2,3,5,0,4,6,7,8,	260
1,2,0,5,3,4,6,7,8,	261
0,2,1,6,3,4,5,7,8,	262
5,2,1,0,3,4,6,7,8,	263
0,6,5,1,2,3,4,7,8,	264
1,3,0,4,2,5,6,7,8,	266
0,2,1,5,3,4,6,7,8,	267
0,8,1,2,7,3,4,5,6,	268
1,2,0,3,8,4,5,6,7,	269
0,4,1,2,5,3,6,7,8,	270
0,1,2,7,8,3,4,5,6,	272
2,4,1,0,3,5,6,7,8,	273
5,6,7,8,3,0,1,2,4,	274
0,6,3,1,2,4,5,7,8,	275
1,2,3,8,0,4,5,6,7,	276
3,5,4,6,7,8,0,1,2,	278
0,3,4,5,1,2,6,7,8,	279
4,5,8,0,1,2,3,6,7,	280
2,3,0,4,5,1,6,7,8,	281
3,0,1,6,2,4,5,7,8,	282
1,2,3,4,5,6,7,0,8,	283
0,5,1,6,2,3,4,7,8,	284
0,6,4,1,2,3,5,7,8,	285
4,2,1,0,3,5,6,7,8,	286
0,1,8,3,2,4,5,6,7,	287
0,3,7,1,2,4,5,6,8,	288
4,1,2,3,0,5,6,7,8,	289
0,1,4,5,2,3,6,7,8,	290
5,0,1,8,2,3,4,6,7,	291
7,0,5,1,2,3,4,6,8,	292
8,2,3,4,0,1,5,6,7,	294
1,6,7,8,0,2,3,4,5,	296
1,0,2,3,4,6,5,7,8,	297
5,8,6,0,1,2,3,4,7,	298
3,0,1,5,2,4,6,7,8,	299
1,0,2,3,7,4,5,6,8,	300
5,6,7,8,1,0,2,3,4,	301
2,0,1,3,6,4,5,7,8,	302
5,0,6,7,8,1,2,3,4,	303
4,0,6,1,2,3,5,7,8,	304
4,5,0,6,1,2,3,7,8,	305
0,2,7,1,3,4,5,6,8,	306
0,1,7,2,8,3,4,5,6,	307
0,4,1,5,2,3,6,7,8,	308
4,5,7,6,8,0,1,2,3,	310
2,0,1,7,3,4,5,6,8,	311
0,8,1,4,2,3,5,6,7,	312
0,8,6,1,2,3,4,5,7,	313
0,7,1,2,8,3,4,5,6,	314
1,2,4,3,0,5,6,7,8,	315
2,0,1,3,8,4,5,6,7,	316
4,5,6,7,8,3,0,1,2,	317
0,3,6,1,2,4,5,7,8,	318
1,8,3,0,2,4,5,6,7,	319
0,5,8,1,2,3,4,6,7,	320
7,0,8,6,1,2,3,4,5,	321
1,0,2,3,6,4,5,7,8,	322
1,8,4,0,2,3,5,6,7,	323
2,3,6,0,1,4,5,7,8,	324
0,7,3,1,2,4,5,6,8,	325
0,2,1,4,3,5,6,7,8,	326
4,5,1,0,2,3,6,7,8,	327
5,6,7,4,8,0,1,2,3,	328
1,2,0,8,3,4,5,6,7,	329
1,2,8,3,0,4,5,6,7,	331
3,0,1,8,2,4,5,6,7,	332
3,0,7,1,2,4,5,6,8,	333
0,8,1,3,2,4,5,6,7,	334
5,6,0,7,8,1,2,3,4,	335
8,3,7,0,1,2,4,5,6,	336
3,2,4,5,0,1,6,7,8,	337
0,8,1,7,2,3,4,5,6,	338
8,4,7,0,1,2,3,5,6,	339
1,7,2,0,3,4,5,6,8,	340
0,5,3,1,2,4,6,7,8,	341
3,2,0,4,1,5,6,7,8,	342
1,4,5,0,2,3,6,7,8,	344
2,0,1,6,3,4,5,7,8,	345
3,0,6,1,2,4,5,7,8,	346
7,6,0,8,1,2,3,4,5,	347
3,8,4,0,1,2,5,6,7,	349
0,1,2,3,4,5,6,8,7,	351
8,1,3,0,2,4,5,6,7,	352
5,0,1,6,2,3,4,7,8,	353
0,2,5,1,3,4,6,7,8,	354
0,4,8,1,2,3,5,6,7,	355
4,8,5,6,7,0,1,2,3,	356
0,8,4,1,2,3,5,6,7,	357
0,2,6,1,3,4,5,7,8,	358
1,8,2,3,0,4,5,6,7,	360
3,2,4,5,6,7,8,0,1,	361
1,2,6,0,3,4,5,7,8,	362
0,5,2,1,3,4,6,7,8,	363
8,4,5,0,1,2,3,6,7,	364
0,6,2,1,3,4,5,7,8,	365
6,7,8,3,0,1,2,4,5,	369
0,1,3,4,2,5,6,7,8,	370
3,4,2,0,1,5,6,7,8,	371
5,0,3,1,2,4,6,7,8,	372
3,1,2,4,0,5,6,7,8,	373
0,2,1,8,3,4,5,6,7,	374
0,7,2,1,3,4,5,6,8,	375
0,8,5,1,2,3,4,6,7,	377
0,4,3,1,2,5,6,7,8,	379
2,4,3,0,1,5,6,7,8,	380
7,5,8,6,0,1,2,3,4,	382
2,0,1,5,3,4,6,7,8,	383
8,2,1,0,3,4,5,6,7,	386
3,1,4,0,2,5,6,7,8,	387
0,4,2,1,3,5,6,7,8,	390
2,1,3,4,5,0,6,7,8,	391
0,3,8,1,2,4,5,6,7,	394
6,1,2,0,3,4,5,7,8,	395
1,0,2,3,8,4,5,6,7,	396
8,3,4,0,1,2,5,6,7,	397
1,0,2,7,3,4,5,6,8,	398
0,5,6,1,2,3,4,7,8,	399
6,7,8,4,0,1,2,3,5,	400
3,0,5,1,2,4,6,7,8,	402
1,6,2,0,3,4,5,7,8,	403
6,4,5,7,8,0,1,2,3,	404
3,4,0,5,1,2,6,7,8,	405
5,6,7,0,8,1,2,3,4,	409
7,0,2,1,3,4,5,6,8,	410
4,6,5,7,8,0,1,2,3,	411
1,2,3,4,5,6,0,7,8,	412
2,3,8,0,1,4,5,6,7,	413
7,5,8,0,1,2,3,4,6,	414
2,0,1,4,3,5,6,7,8,	416
6,0,2,1,3,4,5,7,8,	417
7,8,0,6,1,2,3,4,5,	418
0,2,3,4,1,5,6,7,8,	419
1,0,2,6,3,4,5,7,8,	420
0,1,2,3,4,5,7,6,8,	422
2,0,6,1,3,4,5,7,8,	424
4,2,3,0,1,5,6,7,8,	425
0,3,1,4,2,5,6,7,8,	429
1,0,2,3,5,4,6,7,8,	430
5,0,8,1,2,3,4,6,7,	432
0,8,3,1,2,4,5,6,7,	433
5,6,7,8,4,0,1,2,3,	435
0,3,2,1,4,5,6,7,8,	438
8,1,7,0,2,3,4,5,6,	439
4,1,2,0,3,5,6,7,8,	441
3,4,5,6,0,1,2,7,8,	443
1,5,2,0,3,4,6,7,8,	445
0,1,7,8,2,3,4,5,6,	446
8,0,1,3,2,4,5,6,7,	447
1,2,3,4,5,6,7,8,0,	448
6,7,8,1,0,2,3,4,5,	450
0,2,4,1,3,5,6,7,8,	451
0,6,7,8,1,2,3,4,5,	453
7,8,5,6,0,1,2,3,4,	454
0,4,5,1,2,3,6,7,8,	456
4,0,8,1,2,3,5,6,7,	459
1,2,4,0,3,5,6,7,8,	460
2,0,3,4,1,5,6,7,8,	461
6,0,7,1,2,3,4,5,8,	462
5,8,6,7,0,1,2,3,4,	463
0,1,2,3,4,5,8,6,7,	465
3,7,8,0,1,2,4,5,6,	467
2,7,8,0,1,3,4,5,6,	468
0,7,1,8,2,3,4,5,6,	470
1,0,2,5,3,4,6,7,8,	473
7,6,0,1,2,3,4,5,8,	477
2,0,5,1,3,4,6,7,8,	479
7,2,8,0,1,3,4,5,6,	482
7,5,0,1,2,3,4,6,8,	483
1,4,2,0,3,5,6,7,8,	486
8,0,1,7,2,3,4,5,6,	488
6,5,0,1,2,3,4,7,8,	490
3,0,8,1,2,4,5,6,7,	493
1,0,7,2,3,4,5,6,8,	499
0,2,8,1,3,4,5,6,7,	501
8,0,6,1,2,3,4,5,7,	502
8,7,1,0,2,3,4,5,6,	505
0,1,2,3,4,7,5,6,8,	507
2,0,4,1,3,5,6,7,8,	509
0,8,2,1,3,4,5,6,7,	510
6,0,7,8,1,2,3,4,5,	515
8,5,6,7,0,1,2,3,4,	517
1,0,2,4,3,5,6,7,8,	518
0,1,2,3,4,6,5,7,8,	519
5,7,6,8,0,1,2,3,4,	520
5,7,0,1,2,3,4,6,8,	524
3,2,4,0,1,5,6,7,8,	525
7,4,0,1,2,3,5,6,8,	530
4,6,0,1,2,3,5,7,8,	531
3,0,1,4,2,5,6,7,8,	532
2,3,0,4,1,5,6,7,8,	533
7,8,5,0,1,2,3,4,6,	534
1,0,6,2,3,4,5,7,8,	536
6,7,5,8,0,1,2,3,4,	541
2,3,1,0,4,5,6,7,8,	542
3,0,2,1,4,5,6,7,8,	543
7,3,0,1,2,4,5,6,8,	545
1,0,2,8,3,4,5,6,7,	548
1,0,5,2,3,4,6,7,8,	549
3,7,0,1,2,4,5,6,8,	551
4,7,0,1,2,3,5,6,8,	553
8,0,4,1,2,3,5,6,7,	554
2,3,4,5,0,1,6,7,8,	555
6,4,0,1,2,3,5,7,8,	556
7,8,4,0,1,2,3,5,6,	557
5,4,6,7,8,0,1,2,3,	559
2,3,4,5,6,7,8,0,1,	564
2,1,3,4,0,5,6,7,8,	572
1,2,8,0,3,4,5,6,7,	574
0,1,2,3,7,4,5,6,8,	576
6,7,8,5,0,1,2,3,4,	581
5,4,0,1,2,3,6,7,8,	582
2,0,8,1,3,4,5,6,7,	586
4,5,6,0,1,2,3,7,8,	587
7,2,0,1,3,4,5,6,8,	595
0,1,2,3,4,8,5,6,7,	596
0,8,7,1,2,3,4,5,6,	598
0,3,4,1,2,5,6,7,8,	603
1,0,4,2,3,5,6,7,8,	607
1,3,2,0,4,5,6,7,8,	609
6,3,0,1,2,4,5,7,8,	610
2,7,0,1,3,4,5,6,8,	621
6,7,0,8,1,2,3,4,5,	623
8,7,6,0,1,2,3,4,5,	624
8,0,3,1,2,4,5,6,7,	626
1,2,3,4,5,0,6,7,8,	629
7,0,1,8,2,3,4,5,6,	630
0,1,2,3,6,4,5,7,8,	631
1,8,2,0,3,4,5,6,7,	635
3,5,0,1,2,4,6,7,8,	645
7,8,2,0,1,3,4,5,6,	653
5,3,0,1,2,4,6,7,8,	663
2,6,0,1,3,4,5,7,8,	674
5,2,0,1,3,4,6,7,8,	688
8,1,2,0,3,4,5,6,7,	696
6,2,0,1,3,4,5,7,8,	703
3,4,5,0,1,2,6,7,8,	709
6,5,7,8,0,1,2,3,4,	710
8,0,2,1,3,4,5,6,7,	713
3,4,5,6,7,8,0,1,2,	715
2,5,0,1,3,4,6,7,8,	718
1,6,0,2,3,4,5,7,8,	719
1,0,8,2,3,4,5,6,7,	732
0,1,2,6,3,4,5,7,8,	736
0,1,2,3,5,4,6,7,8,	738
1,7,0,2,3,4,5,6,8,	739
7,8,1,0,2,3,4,5,6,	742
2,4,0,1,3,5,6,7,8,	745
7,1,0,2,3,4,5,6,8,	746
0,1,2,7,3,4,5,6,8,	749
6,8,7,0,1,2,3,4,5,	753
1,0,3,2,4,5,6,7,8,	757
6,8,0,1,2,3,4,5,7,	759
6,1,0,2,3,4,5,7,8,	782
8,6,7,0,1,2,3,4,5,	785
4,2,0,1,3,5,6,7,8,	789
0,1,2,3,8,4,5,6,7,	791
2,1,3,0,4,5,6,7,8,	800
0,1,2,5,3,4,6,7,8,	807
6,7,0,1,2,3,4,5,8,	808
0,2,3,1,4,5,6,7,8,	810
0,7,8,1,2,3,4,5,6,	835
4,8,0,1,2,3,5,6,7,	836
5,1,0,2,3,4,6,7,8,	865
7,8,6,0,1,2,3,4,5,	868
1,5,0,2,3,4,6,7,8,	869
3,2,0,1,4,5,6,7,8,	872
1,4,0,2,3,5,6,7,8,	875
3,8,0,1,2,4,5,6,7,	876
8,6,0,1,2,3,4,5,7,	885
5,6,0,1,2,3,4,7,8,	890
4,5,6,7,8,0,1,2,3,	894
4,1,0,2,3,5,6,7,8,	900
1,2,3,4,0,5,6,7,8,	901
8,4,0,1,2,3,5,6,7,	913
2,3,4,0,1,5,6,7,8,	923
0,1,7,2,3,4,5,6,8,	931
2,8,0,1,3,4,5,6,7,	942
0,1,2,8,3,4,5,6,7,	952
0,1,6,2,3,4,5,7,8,	957
2,0,3,1,4,5,6,7,8,	958
7,0,8,1,2,3,4,5,6,	968
4,5,0,1,2,3,6,7,8,	985
0,1,5,2,3,4,6,7,8,	990
0,1,2,4,3,5,6,7,8,	995
8,3,0,1,2,4,5,6,7,	997
1,3,0,2,4,5,6,7,8,	1016
3,1,0,2,4,5,6,7,8,	1036
0,1,4,2,3,5,6,7,8,	1159
8,2,0,1,3,4,5,6,7,	1180
5,6,7,8,0,1,2,3,4,	1187
1,8,0,2,3,4,5,6,7,	1214
0,7,1,2,3,4,5,6,8,	1254
0,6,1,2,3,4,5,7,8,	1256
0,1,8,2,3,4,5,6,7,	1327
0,1,3,2,4,5,6,7,8,	1332
0,5,1,2,3,4,6,7,8,	1334
8,1,0,2,3,4,5,6,7,	1365
1,2,3,0,4,5,6,7,8,	1377
8,7,0,1,2,3,4,5,6,	1492
2,3,0,1,4,5,6,7,8,	1509
0,4,1,2,3,5,6,7,8,	1529
6,7,8,0,1,2,3,4,5,	1564
0,3,1,2,4,5,6,7,8,	1675
7,0,1,2,3,4,5,6,8,	1845
0,8,1,2,3,4,5,6,7,	1878
0,2,1,3,4,5,6,7,8,	1978
6,0,1,2,3,4,5,7,8,	1984
1,2,0,3,4,5,6,7,8,	2061
5,0,1,2,3,4,6,7,8,	2090
7,8,0,1,2,3,4,5,6,	2147
4,0,1,2,3,5,6,7,8,	2207
3,0,1,2,4,5,6,7,8,	2467
2,0,1,3,4,5,6,7,8,	2908
8,0,1,2,3,4,5,6,7,	3276
1,0,2,3,4,5,6,7,8,	3525
0,1,2,3,4,5,6,7,8,	6780
0,1,2,3,4,5,9,8,7,6,	1
0,1,2,3,4,6,7,8,9,5,	2
0,1,2,3,4,5,9,7,8,6,	3
0,1,2,3,4,5,7,9,8,6,	4
0,1,2,3,4,5,8,9,7,6,	5
0,1,2,3,4,5,7,8,9,6,	6
0,1,2,3,4,7,5,6,9,8,	7
0,1,2,3,4,6,7,9,5,8,	8
0,1,2,3,4,5,8,7,6,9,	9
0,1,2,3,4,5,6,9,8,7,	10
0,1,2,3,6,4,7,8,5,9,	11
0,1,2,3,4,5,7,6,9,8,	12
0,1,2,3,7,4,5,6,9,8,	13
0,1,2,3,7,9,8,4,5,6,	14
0,1,2,3,4,5,7,9,6,8,	15
0,1,2,3,4,7,5,9,6,8,	16
0,1,2,3,5,4,6,7,9,8,	17
0,1,2,3,4,5,9,8,6,7,	18
0,1,2,3,5,6,7,4,8,9,	19
0,1,2,3,4,5,6,8,9,7,	20
0,1,2,3,4,5,8,6,9,7,	21
0,1,2,3,4,5,9,7,6,8,	22
0,1,2,3,4,6,5,9,7,8,	23
0,1,2,3,4,6,8,5,7,9,	24
0,1,2,3,4,8,5,7,6,9,	25
0,1,2,3,4,7,5,8,6,9,	26
0,1,2,3,4,9,7,5,6,8,	27
0,1,2,3,4,5,7,8,6,9,	28
0,1,2,3,7,4,5,8,6,9,	29
0,1,2,3,5,4,8,6,7,9,	30
0,1,2,4,3,5,8,6,7,9,	31
0,1,2,3,7,4,8,5,6,9,	32
0,1,2,3,5,7,4,6,8,9,	33
0,1,2,4,3,7,5,6,8,9,	34
0,1,2,3,4,6,7,5,8,9,	35
0,1,2,7,3,5,4,6,8,9,	36
0,1,2,4,3,6,5,7,8,9,	37
0,1,2,4,3,5,7,6,8,9,	38
0,1,2,3,4,5,8,9,6,7,	39
0,1,2,6,9,3,4,5,7,8,	40
0,1,2,3,7,8,4,5,6,9,	41
0,1,2,3,4,8,9,5,6,7,	42
0,1,2,6,5,3,4,7,8,9,	43
0,1,2,4,8,3,5,6,7,9,	44
0,1,2,5,3,7,4,6,8,9,	45
0,1,2,8,3,4,9,5,6,7,	46
0,1,2,3,9,6,4,5,7,8,	47
0,1,2,8,4,3,5,6,7,9,	48
0,1,2,7,5,3,4,6,8,9,	49
0,1,2,3,5,6,4,7,8,9,	50
0,1,2,3,4,7,8,5,6,9,	51
0,1,2,3,6,4,7,5,8,9,	52
0,1,2,3,8,4,9,5,6,7,	53
0,1,2,9,3,5,4,6,7,8,	54
0,1,2,3,9,8,4,5,6,7,	55
0,1,3,2,7,4,5,6,8,9,	56
0,1,4,2,6,3,5,7,8,9,	57
0,1,7,5,2,3,4,6,8,9,	58
0,1,2,4,6,3,5,7,8,9,	59
0,1,9,2,6,3,4,5,7,8,	60
0,1,3,2,6,4,5,7,8,9,	61
0,1,2,6,7,3,4,5,8,9,	62
0,1,4,7,2,3,5,6,8,9,	63
0,1,3,2,4,6,5,7,8,9,	64
0,1,3,6,2,4,5,7,8,9,	65
0,1,2,7,8,3,4,5,6,9,	66
0,1,9,7,2,3,4,5,6,8,	67
0,4,1,2,8,3,5,6,7,9,	68
0,1,2,3,8,9,4,5,6,7,	69
0,3,1,8,2,4,5,6,7,9,	70
0,1,3,4,5,2,6,7,8,9,	71
0,1,5,9,2,3,4,6,7,8,	72
1,2,3,8,0,4,5,6,7,9,	73
0,1,3,7,2,4,5,6,8,9,	74
0,1,2,5,6,3,4,7,8,9,	75
0,1,2,4,9,3,5,6,7,8,	76
0,1,2,9,4,3,5,6,7,8,	77
0,1,8,2,3,9,4,5,6,7,	78
0,1,4,9,2,3,5,6,7,8,	79
0,1,6,3,2,4,5,7,8,9,	80
0,1,5,4,2,3,6,7,8,9,	81
0,1,2,5,3,6,4,7,8,9,	82
0,1,9,4,2,3,5,6,7,8,	83
0,1,5,3,2,4,6,7,8,9,	84
0,3,1,7,2,4,5,6,8,9,	85
0,1,3,2,9,4,5,6,7,8,	86
0,2,1,3,4,6,5,7,8,9,	87
0,1,9,6,2,3,4,5,7,8,	88
0,5,1,2,3,6,4,7,8,9,	89
0,9,7,8,1,2,3,4,5,6,	90
0,1,3,5,2,4,6,7,8,9,	91
1,6,7,0,2,3,4,5,8,9,	92
1,2,0,8,3,4,5,6,7,9,	93
0,1,2,4,5,3,6,7,8,9,	94
0,4,8,1,2,3,5,6,7,9,	95
0,1,7,8,2,3,4,5,6,9,	96
0,3,1,5,2,4,6,7,8,9,	97
0,1,6,7,2,3,4,5,8,9,	98
1,4,6,0,2,3,5,7,8,9,	99
0,2,1,7,3,4,5,6,8,9,	100
0,1,2,8,9,3,4,5,6,7,	101
2,0,1,8,3,4,5,6,7,9,	102
0,9,1,2,4,3,5,6,7,8,	103
0,1,4,2,5,3,6,7,8,9,	104
0,1,8,2,9,3,4,5,6,7,	105
0,2,7,1,3,4,5,6,8,9,	106
0,1,9,3,2,4,5,6,7,8,	107
0,4,1,9,2,3,5,6,7,8,	108
0,2,1,3,9,4,5,6,7,8,	109
0,3,8,1,2,4,5,6,7,9,	110
0,1,3,9,2,4,5,6,7,8,	111
0,3,4,5,1,2,6,7,8,9,	112
0,7,5,1,2,3,4,6,8,9,	113
0,8,7,9,1,2,3,4,5,6,	114
0,1,4,5,2,3,6,7,8,9,	115
0,6,5,1,2,3,4,7,8,9,	116
0,1,9,8,2,3,4,5,6,7,	117
0,6,3,1,2,4,5,7,8,9,	118
0,2,1,9,3,4,5,6,7,8,	119
0,2,1,8,3,4,5,6,7,9,	120
0,2,1,6,3,4,5,7,8,9,	121
1,2,0,6,3,4,5,7,8,9,	122
0,9,1,3,2,4,5,6,7,8,	123
5,2,3,0,1,4,6,7,8,9,	124
0,3,6,1,2,4,5,7,8,9,	125
2,1,4,0,3,5,6,7,8,9,	126
0,5,4,1,2,3,6,7,8,9,	127
0,1,5,6,2,3,4,7,8,9,	128
0,3,7,1,2,4,5,6,8,9,	129
0,1,2,3,4,5,6,7,9,8,	130
2,3,0,4,5,1,6,7,8,9,	131
0,2,5,1,3,4,6,7,8,9,	132
3,0,7,1,2,4,5,6,8,9,	133
0,2,1,4,3,5,6,7,8,9,	134
0,6,9,1,2,3,4,5,7,8,	135
0,7,3,1,2,4,5,6,8,9,	136
0,1,2,3,4,5,6,8,7,9,	137
1,0,2,3,4,9,5,6,7,8,	138
0,3,9,1,2,4,5,6,7,8,	139
2,0,1,3,6,4,5,7,8,9,	140
1,0,2,3,4,6,5,7,8,9,	141
2,0,1,3,9,4,5,6,7,8,	142
1,4,5,0,2,3,6,7,8,9,	143
0,3,5,1,2,4,6,7,8,9,	144
1,2,8,0,3,4,5,6,7,9,	145
1,2,0,4,3,5,6,7,8,9,	146
1,0,2,6,3,4,5,7,8,9,	147
0,9,1,4,2,3,5,6,7,8,	148
0,1,3,4,2,5,6,7,8,9,	149
0,4,2,1,3,5,6,7,8,9,	150
3,4,0,5,1,2,6,7,8,9,	151
0,1,2,3,4,5,6,9,7,8,	152
6,7,8,0,9,1,2,3,4,5,	153
9,8,3,0,1,2,4,5,6,7,	154
7,8,0,1,9,2,3,4,5,6,	155
0,2,6,1,3,4,5,7,8,9,	156
0,9,5,1,2,3,4,6,7,8,	157
4,0,7,1,2,3,5,6,8,9,	158
0,7,8,1,2,3,4,5,6,9,	159
7,0,8,1,2,3,4,5,6,9,	160
0,5,6,1,2,3,4,7,8,9,	161
0,4,3,1,2,5,6,7,8,9,	162
2,0,8,1,3,4,5,6,7,9,	163
1,2,6,0,3,4,5,7,8,9,	164
0,6,7,1,2,3,4,5,8,9,	165
1,0,2,3,9,4,5,6,7,8,	166
5,1,2,0,3,4,6,7,8,9,	167
1,3,4,0,2,5,6,7,8,9,	169
0,3,1,4,2,5,6,7,8,9,	170
0,9,4,1,2,3,5,6,7,8,	171
0,1,2,3,4,5,8,6,7,9,	172
1,2,3,4,5,6,0,7,8,9,	173
4,3,5,0,1,2,6,7,8,9,	174
2,0,6,1,3,4,5,7,8,9,	175
0,8,1,9,2,3,4,5,6,7,	177
6,8,9,0,1,2,3,4,5,7,	178
1,2,4,0,3,5,6,7,8,9,	180
0,7,8,9,1,2,3,4,5,6,	181
0,2,4,1,3,5,6,7,8,9,	182
0,9,3,1,2,4,5,6,7,8,	183
0,1,2,3,4,8,5,6,7,9,	184
0,1,2,3,4,5,7,6,8,9,	185
2,0,5,1,3,4,6,7,8,9,	186
1,2,5,0,3,4,6,7,8,9,	187
0,1,8,9,2,3,4,5,6,7,	188
1,0,2,5,3,4,6,7,8,9,	189
0,4,5,1,2,3,6,7,8,9,	191
2,0,1,4,3,5,6,7,8,9,	192
2,9,3,0,1,4,5,6,7,8,	193
9,0,1,3,2,4,5,6,7,8,	194
3,0,9,1,2,4,5,6,7,8,	195
3,4,5,6,0,1,2,7,8,9,	196
1,0,2,3,5,4,6,7,8,9,	197
6,0,7,1,2,3,4,5,8,9,	198
1,0,8,2,3,4,5,6,7,9,	199
6,7,8,0,1,2,3,4,5,9,	201
1,5,2,0,3,4,6,7,8,9,	202
0,2,9,1,3,4,5,6,7,8,	204
1,8,9,0,2,3,4,5,6,7,	205
5,7,0,1,2,3,4,6,8,9,	206
9,2,3,0,1,4,5,6,7,8,	207
6,5,0,1,2,3,4,7,8,9,	209
0,1,2,3,4,5,9,6,7,8,	210
1,0,7,2,3,4,5,6,8,9,	212
7,8,9,6,0,1,2,3,4,5,	213
0,1,2,3,4,7,5,6,8,9,	215
8,9,4,0,1,2,3,5,6,7,	216
3,4,5,6,7,8,9,0,1,2,	217
1,0,2,9,3,4,5,6,7,8,	219
6,5,7,8,9,0,1,2,3,4,	220
3,0,1,4,2,5,6,7,8,9,	223
0,9,8,1,2,3,4,5,6,7,	224
7,3,0,1,2,4,5,6,8,9,	225
0,9,2,1,3,4,5,6,7,8,	226
1,2,9,0,3,4,5,6,7,8,	227
3,7,0,1,2,4,5,6,8,9,	228
4,6,0,1,2,3,5,7,8,9,	229
1,0,5,2,3,4,6,7,8,9,	230
2,8,0,1,3,4,5,6,7,9,	231
3,5,0,1,2,4,6,7,8,9,	232
1,0,6,2,3,4,5,7,8,9,	233
0,1,2,3,4,6,5,7,8,9,	234
2,0,9,1,3,4,5,6,7,8,	237
3,0,2,1,4,5,6,7,8,9,	239
7,2,0,1,3,4,5,6,8,9,	241
2,3,4,5,0,1,6,7,8,9,	244
0,1,2,3,6,4,5,7,8,9,	245
2,7,0,1,3,4,5,6,8,9,	246
9,8,7,0,1,2,3,4,5,6,	247
0,3,4,1,2,5,6,7,8,9,	251
0,1,2,3,8,4,5,6,7,9,	252
3,1,2,0,4,5,6,7,8,9,	254
0,1,2,3,4,9,5,6,7,8,	256
8,9,2,0,1,3,4,5,6,7,	259
1,2,3,4,5,0,6,7,8,9,	263
4,5,6,0,1,2,3,7,8,9,	264
5,3,0,1,2,4,6,7,8,9,	266
0,1,2,3,7,4,5,6,8,9,	267
8,2,0,1,3,4,5,6,7,9,	268
4,5,6,7,8,9,0,1,2,3,	269
8,9,3,0,1,2,4,5,6,7,	273
6,9,0,1,2,3,4,5,7,8,	276
9,0,2,1,3,4,5,6,7,8,	280
5,2,0,1,3,4,6,7,8,9,	283
1,0,4,2,3,5,6,7,8,9,	285
7,6,8,9,0,1,2,3,4,5,	286
1,0,9,2,3,4,5,6,7,8,	291
3,4,5,0,1,2,6,7,8,9,	294
2,6,0,1,3,4,5,7,8,9,	296
1,6,0,2,3,4,5,7,8,9,	299
0,1,2,8,3,4,5,6,7,9,	300
0,1,2,3,9,4,5,6,7,8,	301
7,1,0,2,3,4,5,6,8,9,	302
0,1,2,7,3,4,5,6,8,9,	303
8,1,0,2,3,4,5,6,7,9,	304
0,1,2,3,5,4,6,7,8,9,	305
1,7,0,2,3,4,5,6,8,9,	307
2,5,0,1,3,4,6,7,8,9,	310
3,0,4,1,2,5,6,7,8,9,	311
7,9,8,0,1,2,3,4,5,6,	313
0,2,3,1,4,5,6,7,8,9,	315
0,8,9,1,2,3,4,5,6,7,	317
1,0,3,2,4,5,6,7,8,9,	318
0,1,2,6,3,4,5,7,8,9,	321
4,2,0,1,3,5,6,7,8,9,	328
5,1,0,2,3,4,6,7,8,9,	332
9,6,0,1,2,3,4,5,7,8,	336
2,1,3,0,4,5,6,7,8,9,	337
9,7,0,1,2,3,4,5,6,8,	339
6,1,0,2,3,4,5,7,8,9,	342
6,7,0,1,2,3,4,5,8,9,	343
9,5,0,1,2,3,4,6,7,8,	344
5,9,0,1,2,3,4,6,7,8,	345
0,1,8,2,3,4,5,6,7,9,	346
3,9,0,1,2,4,5,6,7,8,	356
1,4,0,2,3,5,6,7,8,9,	357
3,2,0,1,4,5,6,7,8,9,	359
5,6,0,1,2,3,4,7,8,9,	362
0,1,2,5,3,4,6,7,8,9,	366
1,5,0,2,3,4,6,7,8,9,	367
9,4,0,1,2,3,5,6,7,8,	368
5,6,7,8,9,0,1,2,3,4,	372
0,1,7,2,3,4,5,6,8,9,	380
0,1,6,2,3,4,5,7,8,9,	382
1,2,3,4,0,5,6,7,8,9,	384
2,0,3,1,4,5,6,7,8,9,	387
2,3,4,0,1,5,6,7,8,9,	391
8,0,9,1,2,3,4,5,6,7,	408
8,7,9,0,1,2,3,4,5,6,	411
1,3,0,2,4,5,6,7,8,9,	413
2,9,0,1,3,4,5,6,7,8,	416
0,1,2,4,3,5,6,7,8,9,	417
0,1,5,2,3,4,6,7,8,9,	422
4,5,0,1,2,3,6,7,8,9,	424
9,3,0,1,2,4,5,6,7,8,	425
0,1,2,9,3,4,5,6,7,8,	427
3,1,0,2,4,5,6,7,8,9,	438
0,8,1,2,3,4,5,6,7,9,	458
1,9,0,2,3,4,5,6,7,8,	462
9,2,0,1,3,4,5,6,7,8,	473
0,1,4,2,3,5,6,7,8,9,	478
6,7,8,9,0,1,2,3,4,5,	490
0,1,9,2,3,4,5,6,7,8,	503
3,4,0,1,2,5,6,7,8,9,	510
0,6,1,2,3,4,5,7,8,9,	519
2,1,0,3,4,5,6,7,8,9,	526
0,7,1,2,3,4,5,6,8,9,	534
0,1,3,2,4,5,6,7,8,9,	552
9,1,0,2,3,4,5,6,7,8,	562
0,5,1,2,3,4,6,7,8,9,	568
1,2,3,0,4,5,6,7,8,9,	599
9,8,0,1,2,3,4,5,6,7,	600
2,3,0,1,4,5,6,7,8,9,	612
7,8,9,0,1,2,3,4,5,6,	618
0,4,1,2,3,5,6,7,8,9,	624
0,3,1,2,4,5,6,7,8,9,	714
8,0,1,2,3,4,5,6,7,9,	723
7,0,1,2,3,4,5,6,8,9,	756
0,9,1,2,3,4,5,6,7,8,	785
0,2,1,3,4,5,6,7,8,9,	818
6,0,1,2,3,4,5,7,8,9,	827
5,0,1,2,3,4,6,7,8,9,	836
8,9,0,1,2,3,4,5,6,7,	858
1,2,0,3,4,5,6,7,8,9,	877
4,0,1,2,3,5,6,7,8,9,	916
3,0,1,2,4,5,6,7,8,9,	1019
2,0,1,3,4,5,6,7,8,9,	1181
9,0,1,2,3,4,5,6,7,8,	1298
1,0,2,3,4,5,6,7,8,9,	1417
0,1,2,3,4,5,6,7,8,9,	2718
