Connectivity for: Job4
1 0
5 0
13 0
25 0
41 0
61 0
85 0
113 0
145 0
181 0
221 0
265 0
313 0
365 0
421 0
481 0
545 0
613 0
685 0
761 0
841 0
923 0
1010 0
1101 0
1195 0
1292 0
1392 0
1494 0
1601 0
1712 0
1822 0
1940 0
2055 0
2177 0
2299 0
2426 0
2553 0
2683 0
2813 0
2946 0
3081 0
3221 0
3363 0
3507 0
3655 0
3802 0
3951 0
4104 0
4259 0
4418 0
4578 0
4738 0
4898 0
5062 0
5231 0
5405 0
5572 0
5733 0
5900 0
6074 0
6252 0
6412 0
6587 0
6757 0
6926 0
7106 0
7273 0
7450 0
7611 0
7792 0
7954 0
8132 0
8300 0
8469 0
8636 0
8808 0
8981 0
9143 0
9313 0
9470 0
9645 0
9832 0
10002 0
10165 0
10341 0
10506 0
10681 0
10840 0
10997 0
11156 0
11327 0
11483 0
11658 0
11799 0
11961 0
12113 0
12269 0
12430 0
12586 0
12717 0
12873 0
13017 0
13158 0
13315 0
13435 0
13561 0
13714 0
13846 0
13962 0
14120 0
14257 0
14381 0
14506 0
14659 0
14768 0
14891 0
15021 0
15172 0
15282 0
15410 0
15543 0
15665 0
15768 0
15890 0
16015 0
16136 0
16262 0
16396 0
16526 0
16671 0
16779 0
16913 0
17066 0
17176 0
17294 0
17449 0
17551 0
17695 0
17800 0
17932 0
18065 0
18201 0
18312 0
18457 0
18579 0
18703 0
18829 0
18957 0
19075 0
19208 0
19350 0
19468 0
19596 0
19716 0
19814 0
19962 0
20094 0
20222 0
20324 0
20479 0
20585 0
20710 0
20837 0
20948 0
21066 0
21184 0
21309 0
21416 0
21550 0
21662 0
21771 0
21910 0
22051 0
22168 0
22305 0
22445 0
22547 0
22679 0
22810 0
22946 0
23064 0
23206 0
23325 0
23471 0
23588 0
23715 0
23841 0
24004 0
24119 0
24234 0
24369 0
24507 0
24627 0
24769 0
24892 0
25042 0
25154 0
25283 0
25390 0
25525 0
25627 0
25767 0
25868 0
25991 0
26122 0
26234 0
26359 0
26496 0
26629 0
26727 0
26867 0
26982 0
27113 0
27233 0
27359 0
27473 0
27592 0
27706 0
27847 0
27968 0
28077 0
28213 0
28335 0
28488 0
28611 0
28732 0
28856 0
28979 0
29103 0
29232 0
29336 0
29467 0
29585 0
29692 0
29812 0
29934 0
30048 0
30179 0
30301 0
30432 0
30538 0
30666 0
30774 0
30906 0
31023 0
31131 0
31260 0
31374 0
31526 0
31636 0
31762 0
31902 0
31996 0
32130 0
32248 0
32363 0
32477 0
32566 0
32724 0
32846 0
32965 0
33079 0
33172 0
33284 0
33409 0
33504 0
33619 0
33734 0
33852 0
33972 0
34123 0
34214 0
34344 0
34446 0
34584 0
34698 0
34820 0
34937 0
35062 0
35166 0
35266 0
35378 0
35497 0
35616 0
35718 0
35832 0
35951 0
36086 0
36198 0
36319 0
36415 0
36559 0
36703 0
36826 0
36934 0
37045 0
37210 0
37323 0
37449 0
37592 0
37685 0
37824 0
37945 0
38071 0
38188 0
38326 0
38449 0
38579 0
38709 0
38860 0
38992 0
39116 0
39241 0
39373 0
39521 0
39642 0
39763 0
39886 0
40030 0
40142 0
40266 0
40377 0
40503 0
40613 0
40733 0
40849 0
40970 0
41092 0
41226 0
41357 0
41470 0
41592 0
41717 0
41850 0
41993 0
42084 0
42229 0
42322 0
42464 0
42575 0
42679 0
42802 0
42933 0
43019 0
43122 0
43258 0
43373 0
43488 0
43597 0
43740 0
43817 0
43964 0
44054 0
44155 0
44261 0
44359 0
44503 0
44630 0
44747 0
44870 0
44996 0
45100 0
45222 0
45346 0
45449 0
45559 0
45717 0
45821 0
45916 0
46056 0
46163 0
46294 0
46405 0
46536 0
46628 0
46754 0
46850 0
46974 0
47097 0
47220 0
47345 0
47463 0
47552 0
47684 0
47775 0
47882 0
48024 0
48116 0
48262 0
48358 0
48477 0
48587 0
48686 0
48798 0
48931 0
49030 0
49156 0
49260 0
49364 0
49482 0
49608 0
49722 0
49843 0
49936 0
50071 0
50191 0
50296 0
50408 0
50538 0
50663 0
50783 0
50912 0
50999 0
51142 0
51278 0
51368 0
51504 0
51599 0
51733 0
51864 0
52000 0
52127 0
52245 0
52392 0
52534 0
52657 0
52820 0
52931 0
53081 0
53203 0
53339 0
53451 0
53594 0
53741 0
53886 0
54025 0
54164 0
54289 0
54475 0
54601 0
54758 0
54885 0
55047 0
55182 0
55340 0
55461 0
55599 0
55732 0
55845 0
55991 0
56122 0
56287 0
56432 0
56549 0
56675 0
56802 0
56943 0
57061 0
57196 0
57318 0
57447 0
57553 0
57703 0
57810 0
57958 0
58085 0
58249 0
58375 0
58494 0
58599 0
58747 0
58839 0
58978 0
59097 0
59212 0
59339 0
59475 0
59572 0
59726 0
59834 0
59934 0
60043 0
60188 0
60276 0
60414 0
60518 0
60640 0
60757 0
60874 0
60992 0
61110 0
61255 0
61372 0
61468 0
61620 0
61726 0
61876 0
62000 0
62110 0
62224 0
62347 0
62484 0
62620 0
62766 0
62907 0
63040 0
63165 0
63273 0
63411 0
63546 0
63666 0
63799 0
63934 0
64037 0
64165 0
64317 0
64447 0
64550 0
64674 0
64810 0
64937 0
65029 0
65155 0
65263 0
65392 0
65508 0
65634 0
65757 0
65851 0
65978 0
66101 0
66201 0
66375 0
66464 0
66591 0
66714 0
66843 0
66969 0
67107 0
67222 0
67362 0
67438 0
67597 0
67726 0
67835 0
67958 0
68089 0
68206 0
68302 0
68428 0
68555 0
68679 0
68757 0
68885 0
69011 0
69120 0
69226 0
69341 0
69466 0
69634 0
69738 0
69878 0
69961 0
70098 0
70165 0
70276 0
70389 0
70513 0
70656 0
70760 0
70880 0
71012 0
71105 0
71194 0
71322 0
71454 0
71583 0
71693 0
71772 0
71867 0
72012 0
72116 0
72235 0
72377 0
72472 0
72573 0
72707 0
72834 0
72944 0
73063 0
73166 0
73265 0
73382 0
73522 0
73624 0
73718 0
73864 0
73971 0
74075 0
74218 0
74308 0
74428 0
74528 0
74639 0
74774 0
74866 0
74996 0
75088 0
75217 0
75337 0
75420 0
75533 0
75651 0
75749 0
75872 0
76013 0
76148 0
76271 0
76391 0
76506 0
76636 0
76758 0
76883 0
77006 0
77124 0
77259 0
77351 0
77485 0
77601 0
77738 0
77871 0
78008 0
78110 0
78250 0
78363 0
78510 0
78626 0
78777 0
78880 0
79013 0
79138 0
79273 0
79386 0
79503 0
79633 0
79724 0
79865 0
79977 0
80108 0
80247 0
80368 0
80515 0
80602 0
80738 0
80848 0
80981 0
81097 0
81223 0
81357 0
81459 0
81568 0
81698 0
81796 0
81894 0
82016 0
82128 0
82240 0
82364 0
82434 0
82563 0
82673 0
82792 0
82913 0
83015 0
83121 0
83245 0
83371 0
83455 0
83586 0
83701 0
83807 0
83900 0
83992 0
84087 0
84213 0
84315 0
84417 0
84544 0
84630 0
84772 0
84841 0
84972 0
85091 0
85201 0
85341 0
85487 0
85615 0
85717 0
85814 0
85927 0
86064 0
86175 0
86289 0
86429 0
86540 0
86682 0
86776 0
86914 0
87023 0
87163 0
87276 0
87397 0
87534 0
87678 0
87818 0
87959 0
88125 0
88238 0
88417 0
88539 0
88694 0
88819 0
88986 0
89117 0
89265 0
89440 0
89562 0
89686 0
89877 0
89994 0
90169 0
90297 0
90457 0
90600 0
90737 0
90910 0
91041 0
91186 0
91344 0
91471 0
91636 0
91787 0
91936 0
92056 0
92203 0
92329 0
92464 0
92584 0
92693 0
92839 0
92962 0
93083 0
93190 0
93310 0
93418 0
93562 0
93667 0
93834 0
93929 0
94039 0
94171 0
94270 0
94380 0
94491 0
94576 0
94699 0
94803 0
94920 0
95029 0
95128 0
95270 0
95377 0
95527 0
95625 0
95771 0
95869 0
95991 0
96089 0
96226 0
96304 0
96458 0
96575 0
96687 0
96839 0
96902 0
97049 0
97190 0
97300 0
97423 0
97567 0
97674 0
97788 0
97919 0
98050 0
98162 0
98301 0
98398 0
98533 0
98646 0
98748 0
98875 0
98992 0
99108 0
99224 0
99358 0
99471 0
99599 0
99704 0
99820 0
99957 0
100048 0
100214 0
100312 0
100469 0
100583 0
100708 0
100827 0
100974 0
101091 0
101258 0
101347 0
101482 0
101594 0
101757 0
101859 0
102005 0
102117 0
102239 0
102395 0
102496 0
102651 0
102755 0
102886 0
102987 0
103107 0
103222 0
103357 0
103468 0
103609 0
103721 0
103832 0
103981 0
104099 0
104241 0
104358 0
104495 0
104633 0
104762 0
104875 0
105021 0
105134 0
105283 0
105405 0
105544 0
105645 0
105776 0
105897 0
106011 0
106143 0
106267 0
106395 0
106487 0
106588 0
106720 0
106797 0
106927 0
106999 0
107130 0
107222 0
107328 0
107413 0
107515 0
107612 0
107749 0
107835 0
107953 0
108068 0
108191 0
108331 0
108440 0
108589 0
108682 0
108800 0
108900 0
108995 0
109122 0
109239 0
109352 0
109463 0
109580 0
109674 0
109798 0
109894 0
110024 0
110117 0
110244 0
110357 0
110453 0
110553 0
110698 0
110784 0
110950 0
111035 0
111161 0
111286 0
111401 0
111534 0
111629 0
111741 0
111860 0
111972 0
112105 0
112201 0
112355 0
112448 0
112555 0
112689 0
112794 0
112939 0
113056 0
113174 0
113295 0
113433 0
113546 0
113703 0
113845 0
113954 0
114097 0
114196 0
114333 0
114462 0
114580 0
114675 0
114762 0
114888 0
114972 0
115086 0
115227 0
115376 0
115487 0
115599 0
115707 0
115825 0
115938 0
116056 0
116190 0
116296 0
116414 0
116536 0
116665 0
116770 0
116885 0
116987 0
117089 0
117240 0
117320 0
117433 0
117519 0
117637 0
117733 0
117814 0
117966 0
118060 0
118154 0
118263 0
118377 0
118505 0
118626 0
118755 0
118842 0
118961 0
119081 0
119183 0
119303 0
119425 0
119599 0
119677 0
119783 0
119894 0
119998 0
120112 0
120196 0
120330 0
120437 0
120581 0
120687 0
120777 0
120908 0
121025 0
121122 0
121216 0
121338 0
121462 0
121593 0
121698 0
121797 0
121918 0
122003 0
122170 0
122275 0
