1659
Trapping for: temp
0.32211263431236148	2	2	1	2
0.33266730699688196	0	1	0	2
0.3656750381924212	-2	4	-3	4
0.36734528979286551	-1	3	-2	3
0.38875479763373733	-2	3	-3	3
0.41483319271355867	-1	5	0	5
0.41692525846883655	-4	1	-3	1
0.42640986992046237	-2	2	-3	2
0.34265804616734385	2	10	1	10
0.46418681228533387	1	7	1	6
0.46664090128615499	1	7	0	7
0.46757992962375283	1	11	1	10
0.48903896985575557	-2	2	-2	1
0.49608474690467119	2	5	3	5
0.49728186801075935	1	4	0	4
0.50037911953404546	-1	8	0	8
0.51100995857268572	7	5	8	5
0.5133334924466908	-1	6	-1	7
0.52691118372604251	-1	2	-1	3
0.52217196905985475	-4	6	-4	5
0.31457850802689791	1	-4	1	-5
0.38095463300123811	2	-3	3	-3
0.39153739297762513	-1	-2	-1	-1
0.40963180363178253	-2	-4	-2	-3
0.47551272576674819	2	-3	1	-3
0.33269629161804914	-11	-8	-11	-9
0.32876930152997375	-14	-10	-14	-9
0.27629375038668513	-14	-3	-15	-3
0.41253918362781405	-10	-11	-10	-12
0.30068439897149801	-10	-16	-10	-15
0.21835792902857065	-11	-20	-12	-20
0.33929209597408772	-10	-20	-11	-20
0.38810032047331333	-9	-14	-10	-14
0.33889132644981146	-13	-16	-12	-16
0.4186020796187222	-7	-9	-7	-10
0.41926629049703479	-5	-8	-5	-7
0.42175923706963658	-8	-13	-9	-13
0.42575642978772521	-9	-16	-9	-17
0.42826011124998331	-16	-5	-15	-5
0.43301816238090396	-10	-8	-10	-9
0.43592327227815986	-11	-10	-11	-11
0.4440222354605794	-6	-8	-7	-8
0.44614849425852299	-5	-7	-5	-6
0.46164035005494952	-7	-11	-7	-12
0.41468590125441551	-15	-19	-15	-20
0.47139221942052245	-6	-11	-6	-12
0.47256992803886533	-10	-20	-9	-20
0.4754112996160984	-14	-4	-15	-4
0.4789725043810904	-10	-18	-11	-18
0.24926050426438451	-15	-12	-14	-12
0.37137291161343455	-21	0	-21	1
0.35091711161658168	-25	-3	-26	-3
0.25138474442064762	-26	-9	-27	-9
0.41862180409952998	-27	-7	-26	-7
0.44365306943655014	-28	-3	-29	-3
0.45537273678928614	-22	-12	-22	-11
0.45849277963861823	-24	-6	-25	-6
0.46373924380168319	-24	-7	-25	-7
0.4870988423936069	-20	-11	-19	-11
0.3248507515527308	-30	4	-30	5
0.38226818852126598	-32	4	-32	3
0.37294917972758412	-31	12	-31	13
0.38535539340227842	-24	8	-24	9
0.39067896362394094	-25	9	-25	8
0.40374239347875118	-27	3	-28	3
0.3312637647613883	-25	20	-26	20
0.36233994038775563	-23	16	-24	16
0.40310217393562198	-24	19	-24	20
0.41068027121946216	-22	13	-22	14
0.41929174168035388	-25	4	-25	5
0.42412888864055276	-27	5	-27	6
0.42419219808652997	-23	5	-22	5
0.4303736831061542	-22	11	-22	12
0.43965362012386322	-28	5	-28	4
0.44061634829267859	-24	1	-24	2
0.28959790756925941	-35	-2	-36	-2
0.35269111720845103	-34	-1	-35	-1
0.37783074891194701	-33	2	-34	2
0.28056496707722545	-38	0	-38	-1
0.44502787431702018	-22	5	-22	6
0.44530857959762216	-43	3	-43	4
0.44726041238754988	-26	7	-25	7
0.43090540682896972	-39	4	-39	3
0.44671527296304703	-37	2	-37	3
0.45127166900783777	-30	10	-30	11
0.45988238789141178	-27	4	-28	4
0.46155016589909792	-44	-5	-45	-5
0.46457700245082378	-30	11	-31	11
0.35086379153653979	-18	19	-17	19
0.36753205815330148	-12	21	-13	21
0.40093013504520059	-12	20	-13	20
0.4412992550060153	-18	10	-19	10
0.35528288595378399	-12	22	-11	22
0.47220330638810992	-35	1	-36	1
0.38702002400532365	-15	21	-15	22
0.37728707073256373	-18	27	-19	27
0.39902979554608464	-12	28	-12	27
0.45294830901548266	-18	27	-18	26
0.45338284131139517	-15	28	-14	28
0.46243454562500119	-19	29	-19	28
0.46602363744750619	-11	30	-12	30
0.44407592294737697	-9	27	-8	27
0.47677150461822748	-34	2	-34	3
0.37436418095603585	-22	32	-21	32
0.47858826955780387	-12	21	-12	22
0.47872540820389986	-19	11	-19	10
0.47919953567907214	-38	0	-38	1
0.47965378407388926	-20	19	-20	18
0.48013451509177685	-35	0	-36	0
0.48124573798850179	-32	3	-32	2
0.45372098172083497	-26	24	-26	23
0.17994505632668734	-27	24	-27	23
0.31307769613340497	-26	33	-26	34
0.17349985847249627	-29	34	-28	34
0.30041353777050972	-30	35	-30	36
0.34639634191989899	-27	32	-27	33
0.3259679963812232	-29	21	-28	21
0.4293931657448411	-28	33	-29	33
0.43279961496591568	-26	30	-27	30
0.43333690147846937	-24	26	-24	27
0.44105967273935676	-27	20	-27	19
0.45833813957870007	-28	24	-29	24
0.22396251000463963	-39	15	-40	15
0.34685777127742767	-37	14	-37	15
0.16526482859626412	-41	18	-41	17
0.27431626059114933	-44	17	-45	17
0.3525390587747097	-38	14	-38	15
0.37773004965856671	-40	19	-41	19
0.3969168015755713	-41	21	-42	21
0.35714131966233253	-41	23	-40	23
0.4107909738086164	-41	19	-41	18
0.41440603882074356	-40	20	-40	21
0.42440148955211043	-37	13	-38	13
0.42723405826836824	-37	17	-37	18
0.45153384655714035	-36	12	-35	12
0.3178280764259398	-28	38	-29	38
0.37014129711315036	-28	44	-27	44
0.2897614068351686	-32	52	-33	52
0.41332424851134419	-32	43	-32	42
0.41782696172595024	-28	46	-27	46
0.33702842425554991	-32	29	-32	28
0.47178423870354891	-30	42	-30	41
0.38279039924964309	-39	24	-39	25
0.47553674876689911	-28	16	-27	16
0.47774119582027197	-27	26	-28	26
0.40734947379678488	-40	35	-41	35
0.41177112981677055	-40	36	-39	36
0.4337643594481051	-40	37	-39	37
0.48041414329782128	-27	25	-28	25
0.48262114124372602	-23	3	-23	4
0.48317860858514905	-16	16	-15	16
0.48328662337735295	-16	22	-16	23
0.4837505598552525	-48	0	-49	0
0.38773671584203839	-28	54	-27	54
0.47086479468271136	-26	56	-26	57
0.48421753710135818	-32	6	-32	7
0.48448006249964237	-28	35	-28	36
0.48560240166261792	-16	26	-16	25
0.44532491732388735	-41	7	-42	7
0.35426454804837704	-41	11	-42	11
0.37206927547231317	-48	11	-49	11
0.43918150616809726	-48	8	-49	8
0.45142646552994847	-49	8	-50	8
0.44211626797914505	-48	12	-49	12
0.47511116974055767	-50	13	-50	14
0.34115813672542572	-41	43	-41	44
0.36436014017090201	-42	43	-42	42
0.40376612916588783	-42	44	-42	45
0.2424731682986021	-45	49	-46	49
0.41130032623186707	-41	50	-41	51
0.42717129271477461	-44	47	-44	48
0.42990032583475113	-35	52	-35	53
0.32845305744558573	-53	49	-53	50
0.37507512280717492	-54	49	-55	49
0.32189183635637164	-52	44	-52	43
0.35925527801737189	-57	43	-56	43
0.38103180099278688	-55	47	-54	47
0.32831534184515476	-49	48	-50	48
0.38671682216227055	-58	46	-57	46
0.39453056966885924	-54	49	-54	48
0.32308029709383845	-48	41	-49	41
0.39170542266219854	-50	41	-50	42
0.3431210620328784	-55	36	-55	35
0.40711808344349265	-57	38	-57	37
0.41204864718019962	-67	41	-67	40
0.3988859485834837	-48	58	-49	58
0.41815365711227059	-55	41	-56	41
0.4219233994372189	-51	46	-52	46
0.19867260754108429	-56	31	-56	32
0.34278215793892741	-57	32	-57	33
0.38461611000820994	-60	28	-61	28
0.41141651337966323	-60	31	-61	31
0.42642936250194907	-58	43	-58	44
0.42753212340176105	-50	45	-51	45
0.42816979205235839	-68	35	-67	35
0.42884664610028267	-55	32	-55	33
0.43467263039201498	-71	38	-71	37
0.27262337366119027	-60	56	-61	56
0.31524455361068249	-62	53	-62	54
0.37024755775928497	-57	54	-57	55
0.39502356015145779	-62	53	-62	52
0.40076891100034118	-58	54	-57	54
0.40172422584146261	-61	51	-61	50
0.4223789107054472	-62	56	-61	56
0.41256467578932643	-66	52	-67	52
0.43089320184662938	-58	53	-59	53
0.43715189769864082	-45	52	-46	52
0.43794693658128381	-59	30	-59	29
0.27452281164005399	-42	56	-41	56
0.44250063505023718	-60	56	-60	57
0.44348045531660318	-59	34	-59	33
0.44452580949291587	-43	53	-42	53
0.44481765059754252	-53	48	-53	47
0.44749327888712287	-54	34	-53	34
0.44896162208169699	-55	54	-55	53
0.44983660383149981	-52	55	-52	54
0.4509365726262331	-47	51	-47	50
0.45160931022837758	-59	35	-59	34
0.45267747854813933	-49	43	-49	44
0.45293676061555743	-46	50	-46	51
0.45294335950165987	-45	48	-44	48
0.31501326709985733	-52	39	-51	39
0.45987355522811413	-41	52	-41	53
0.45988137321546674	-52	50	-52	51
0.28066838067024946	-68	24	-68	25
0.28538533626124263	-66	19	-65	19
0.2702041151933372	-59	21	-60	21
0.34404711378738284	-60	18	-59	18
0.34406728018075228	-59	19	-58	19
0.43299811519682407	-61	16	-62	16
0.43596431892365217	-60	16	-60	17
0.44534111814573407	-61	19	-60	19
0.44545077532529831	-59	14	-60	14
0.44726972281932831	-67	25	-66	25
0.44813758041709661	-58	22	-58	21
0.45107964286580682	-64	29	-64	28
0.46159347519278526	-60	31	-60	32
0.46193511690944433	-47	45	-48	45
0.4620394017547369	-51	35	-52	35
0.46334070665761828	-61	25	-60	25
0.46371100470423698	-48	55	-49	55
0.093824377283453941	-42	68	-42	69
0.31317057507112622	-42	63	-42	64
0.31757111474871635	-38	68	-37	68
0.33034206321462989	-36	67	-36	68
0.35905673541128635	-44	60	-45	60
0.36608543805778027	-36	66	-36	67
0.27961309487000108	-41	67	-40	67
0.33663469227030873	-35	64	-35	63
0.38992613879963756	-41	71	-41	70
0.40063573326915503	-42	64	-42	65
0.4062572973780334	-45	61	-45	62
0.42351222224533558	-35	64	-35	65
0.45021705096587539	-42	67	-43	67
0.15448288433253765	-48	65	-48	66
0.19824245059862733	-51	66	-51	65
0.23358647478744388	-47	67	-47	66
0.38538134098052979	-45	66	-45	65
0.46158332470804453	-35	66	-35	65
0.27271915227174759	-26	62	-26	61
0.35160403698682785	-31	69	-31	70
0.41461825091391802	-30	70	-29	70
0.32839149702340364	-19	71	-19	72
0.36330497171729803	-19	66	-18	66
0.40291014732792974	-20	71	-20	70
0.41730377404019237	-18	68	-19	68
0.43177654594182968	-22	68	-22	67
0.41255347384139895	-22	77	-22	78
0.24371249973773956	-33	69	-34	69
0.44344869162887335	-38	74	-38	73
0.44373798370361328	-35	71	-35	72
0.44508914975449443	-31	64	-31	65
0.28880376974120736	-16	63	-15	63
0.25033441977575421	-54	70	-54	69
0.25266531715169549	-53	75	-53	76
0.38580902060493827	-55	74	-56	74
0.34594852896407247	-56	71	-55	71
0.39649441372603178	-56	75	-56	74
0.39653842244297266	-58	74	-59	74
0.42849687580019236	-53	72	-54	72
0.4390941564925015	-60	74	-61	74
0.33762357756495476	-62	71	-62	70
0.44587904214859009	-42	74	-43	74
0.44737248728051782	-56	73	-56	72
0.21871888218447566	-72	69	-73	69
0.32846612669527531	-73	71	-73	70
0.20540578057989478	-73	67	-72	67
0.36764740850776434	-69	68	-69	69
0.38190814713016152	-72	69	-72	68
0.23059279285371304	-75	75	-75	76
0.36496088514104486	-77	68	-78	68
0.38093058671802282	-78	76	-77	76
0.3877208698540926	-78	83	-78	84
0.39778447290882468	-76	73	-75	73
0.25814705668017268	-66	67	-66	68
0.41428458876907825	-77	70	-76	70
0.27956471173092723	-83	79	-83	78
0.29534614831209183	-80	83	-80	82
0.31986502697691321	-82	84	-81	84
0.14892224641516805	-86	83	-87	83
0.40300942771136761	-85	82	-86	82
0.41107098804786801	-87	82	-88	82
0.38206559838727117	-78	65	-78	64
0.42071979725733399	-85	82	-85	81
0.41533708712086082	-72	86	-71	86
0.3766536028124392	-70	85	-70	86
0.41753835650160909	-69	85	-68	85
0.34220011392608285	-75	95	-75	96
0.35561412433162332	-77	94	-77	95
0.42741772066801786	-73	89	-73	88
0.43390251835808158	-74	88	-73	88
0.43590732524171472	-75	89	-74	89
0.44298078864812851	-80	84	-80	83
0.44917917158454657	-85	80	-84	80
0.44946791604161263	-74	75	-74	74
0.45689224032685161	-79	75	-78	75
0.45812974171712995	-26	62	-26	63
0.46077095670625567	-17	69	-17	68
0.46077894931659102	-82	82	-82	81
0.45138520793989301	-16	76	-15	76
0.4633249337784946	-29	70	-29	69
0.46430512657389045	-60	52	-61	52
0.45823343796655536	-49	74	-49	73
0.46644666977226734	-54	23	-54	24
0.46668198704719543	-32	72	-32	71
0.46668596845120192	-54	68	-55	68
0.46699728025123477	-62	30	-63	30
0.13365133572369814	-81	89	-81	90
0.24716800544410944	-91	89	-91	88
0.33889834862202406	-92	88	-91	88
0.36457370780408382	-88	93	-89	93
0.33618395915254951	-98	87	-98	88
0.38140842178836465	-93	90	-93	91
0.38649309845641255	-85	92	-85	93
0.40375045174732804	-92	88	-93	88
0.40429637068882585	-95	89	-95	88
0.41259415121749043	-91	90	-91	89
0.43076637946069241	-90	93	-91	93
0.43470896268263459	-100	87	-101	87
0.43947505624964833	-89	92	-89	91
0.44202463747933507	-96	88	-97	88
0.44314038101583719	-90	95	-91	95
0.44325907528400421	-89	86	-88	86
0.44516386929899454	-97	87	-98	87
0.44769528927281499	-98	86	-99	86
0.45414517680183053	-90	89	-90	90
0.45718685770407319	-100	88	-100	89
0.45734767429530621	-92	85	-91	85
0.46326069487258792	-87	86	-87	85
0.46756980055943131	-78	93	-79	93
0.4684136607684195	-66	20	-65	20
0.46879240358248353	-18	72	-17	72
0.46885124500840902	-54	54	-53	54
0.46886070072650909	-42	48	-42	49
0.46893155248835683	-59	20	-59	19
0.46907267812639475	-44	61	-43	61
0.46962725836783648	-60	57	-59	57
0.12708746874704957	-74	25	-74	24
0.34272277913987637	-78	29	-78	28
0.35866778716444969	-76	25	-76	26
0.39763145986944437	-75	29	-76	29
0.40919122798368335	-73	24	-72	24
0.41864056931808591	-77	31	-76	31
0.44066052790731192	-73	24	-73	23
0.45185218378901482	-74	29	-73	29
0.377855169121176	-79	22	-79	23
0.40457779401913285	-80	20	-80	21
0.46713571529835463	-80	21	-80	22
0.47023800993338227	-61	15	-62	15
0.47028246056288481	-86	81	-86	82
0.47051767678931355	-51	50	-50	50
0.28132937289774418	-49	38	-49	37
0.22836626786738634	-48	33	-48	32
0.4433210245333612	-48	35	-49	35
0.44932145485654473	-45	38	-44	38
0.47101872693747282	-57	48	-58	48
0.20537230046465993	-68	79	-67	79
0.22189761698246002	-68	80	-68	79
0.4544861875474453	-69	79	-69	78
0.29321967251598835	-14	64	-13	64
0.33899100590497255	-13	64	-13	65
0.42378662526607513	-13	65	-12	65
0.4681629897095263	-13	62	-12	62
0.47244948567822576	-44	63	-44	64
0.47245429968461394	-81	83	-82	83
0.31097185239195824	-65	8	-65	7
0.35072231432422996	-68	-1	-67	-1
0.31302301865071058	-64	-3	-65	-3
0.34012645203620195	-67	-5	-66	-5
0.29377238499000669	-61	-3	-61	-4
0.3736838111653924	-65	-4	-65	-3
0.40718888351693749	-66	-2	-65	-2
0.41812865622341633	-58	10	-58	9
0.22794412868097425	-74	-6	-74	-7
0.41168754361569881	-71	-4	-71	-5
0.4158230940811336	-76	-3	-76	-2
0.3872908903285861	-64	1	-64	2
0.38793073687702417	-59	2	-60	2
0.40196009539067745	-60	0	-60	-1
0.42139936378225684	-55	-3	-56	-3
0.43151648016646504	-70	-3	-69	-3
0.4316911967471242	-63	0	-64	0
0.43230679677799344	-58	6	-58	7
0.43406312819570303	-72	-3	-72	-4
0.44029036303982139	-66	5	-65	5
0.44307491322979331	-67	-4	-67	-5
0.44757444318383932	-61	7	-61	8
0.44785066181793809	-65	7	-65	6
0.45332261081784964	-68	-2	-68	-3
0.45450802519917488	-76	-5	-76	-6
0.45879341149702668	-62	5	-62	4
0.45906159514561296	-60	5	-60	4
0.40659456187859178	-75	5	-76	5
0.45966772641986609	-66	3	-65	3
0.46628055581822991	-68	6	-68	7
0.47027932293713093	-76	-4	-76	-5
0.47030041366815567	-60	7	-60	6
0.47057661274448037	-58	8	-58	9
0.47210771543905139	-74	-7	-74	-8
0.47331466851755977	-57	20	-57	21
0.47351473104208708	-30	66	-30	67
0.47381150536239147	-69	84	-68	84
0.4739451827481389	-28	70	-28	71
0.474050457123667	-26	68	-26	67
0.47414742037653923	-60	5	-60	6
0.47438770718872547	-35	54	-34	54
0.47441749228164554	-60	3	-60	2
0.47444574348628521	-30	69	-29	69
0.47459221910685301	-63	9	-63	8
0.47480627102777362	-56	18	-57	18
0.47506824880838394	-58	31	-58	30
0.47509153792634606	-64	71	-64	70
0.47530269622802734	-91	93	-91	94
0.47565867193043232	-98	83	-99	83
0.47594352113083005	-62	55	-63	55
0.47603601170703769	-31	73	-31	72
0.47614379413425922	-64	0	-65	0
0.47636261582374573	-75	24	-76	24
0.47687376802787185	-63	-5	-64	-5
0.47711488744243979	-57	34	-57	33
0.47721101017668843	-78	77	-79	77
0.22549207089468837	-107	84	-106	84
0.41013737255707383	-107	87	-108	87
0.41058373963460326	-105	88	-105	87
0.34961710777133703	-112	85	-113	85
0.35291171865537763	-114	87	-114	88
0.3544484656304121	-118	88	-118	89
0.31217526365071535	-113	93	-114	93
0.34457915695384145	-115	89	-115	90
0.17371288547292352	-119	92	-119	91
0.18361554713919759	-117	99	-117	100
0.34706423338502645	-122	96	-121	96
0.10430766735225916	-125	93	-125	92
0.2431808547116816	-126	97	-126	98
0.29155203374102712	-125	96	-126	96
0.32193258870393038	-127	87	-126	87
0.33626471366733313	-124	84	-123	84
0.34378454508259892	-127	81	-127	82
0.36211341805756092	-127	80	-128	80
0.36581656010821462	-121	84	-121	85
0.37462937226518989	-126	94	-127	94
0.37809770926833153	-125	92	-125	91
0.38147941045463085	-121	95	-120	95
0.38222964433953166	-125	86	-125	87
0.3831492941826582	-116	98	-116	97
0.38567366870120168	-115	95	-115	94
0.39194238744676113	-122	93	-123	93
0.27223355090245605	-130	85	-130	84
0.39244728535413742	-114	101	-114	102
0.4064394417218864	-128	86	-128	85
0.40700390934944153	-113	85	-114	85
0.41148289339616895	-123	94	-124	94
0.41348392004147172	-115	88	-115	89
0.41606363235041499	-109	87	-108	87
0.39254631055518985	-109	93	-109	94
0.40457387920469046	-111	94	-110	94
0.43174136243760586	-126	88	-126	89
0.43493213644251227	-116	93	-116	94
0.44171461556106806	-114	92	-115	92
0.31444181548431516	-109	98	-109	99
0.33510917844250798	-108	99	-107	99
0.44471437018364668	-111	97	-111	98
0.44480578461661935	-130	89	-130	90
0.38041963195428252	-103	98	-104	98
0.25350320059806108	-99	97	-100	97
0.25353793520480394	-96	100	-96	99
0.32472195150330663	-95	101	-96	101
0.3784595774486661	-98	98	-97	98
0.42052267258986831	-94	101	-94	102
0.4337599272839725	-101	98	-100	98
0.44303124584257603	-101	100	-101	99
0.45136689255014062	-93	102	-93	103
0.45266274688765407	-119	91	-118	91
0.45267294906079769	-129	80	-130	80
0.45555068738758564	-119	84	-119	83
0.45679578185081482	-103	84	-103	83
0.45800962997600436	-118	101	-117	101
0.45855975616723299	-109	86	-110	86
0.45888591092079878	-101	101	-100	101
0.45908293640241027	-131	86	-130	86
0.45958268642425537	-116	100	-116	101
0.45960108004510403	-119	83	-119	82
0.35839834064245224	-120	89	-119	89
0.46296139154583216	-125	88	-125	89
0.46476357663050294	-123	83	-123	82
0.46589560341089964	-117	97	-117	98
0.46882596658542752	-124	86	-124	87
0.47182804951444268	-119	90	-118	90
0.4737152112647891	-104	98	-104	99
0.20614878553897142	-129	78	-130	78
0.29754094732925296	-133	75	-133	74
0.27105955732986331	-130	74	-129	74
0.19567798869684339	-125	71	-125	70
0.30679390765726566	-126	66	-126	65
0.35608000820502639	-125	65	-126	65
0.44314587721601129	-127	77	-127	78
0.3560024625621736	-133	69	-134	69
0.16429367568343878	-134	62	-133	62
0.3251706175506115	-133	60	-133	61
0.38130187662318349	-132	62	-133	62
0.39426567172631621	-132	61	-133	61
0.40572822280228138	-132	58	-131	58
0.41989316279068589	-132	70	-132	69
0.43796883663162589	-133	70	-133	71
0.45245537394657731	-125	74	-126	74
0.45690249418839812	-121	75	-121	74
0.46398618351668119	-126	74	-126	73
0.43534770747646689	-138	82	-139	82
0.46492967056110501	-126	72	-127	72
0.46544807124882936	-122	78	-122	79
0.4769477192312479	-112	91	-113	91
0.47722344798967242	-110	91	-110	92
0.28278625290840864	-121	68	-122	68
0.35010383371263742	-114	70	-114	69
0.39234524546191096	-115	72	-115	71
0.44846091046929359	-121	68	-120	68
0.46830606926232576	-118	73	-118	72
0.46877938928082585	-119	69	-119	68
0.36080627469345927	-114	66	-113	66
0.37752830749377608	-120	66	-119	66
0.37927450705319643	-115	67	-116	67
0.26525602536275983	-112	60	-113	60
0.31823882041499019	-113	59	-113	60
0.39586491882801056	-117	66	-116	66
0.41086502699181437	-116	58	-116	57
0.21896386472508311	-109	66	-108	66
0.43679976835846901	-112	60	-111	60
0.43747554114088416	-118	66	-118	65
0.46028588665649295	-116	60	-117	60
0.46933361329138279	-119	67	-119	68
0.4779822239652276	-80	84	-80	85
0.47800513915717602	-83	82	-83	81
0.47802838077768683	-60	35	-60	34
0.47821733308956027	-98	86	-98	85
0.47840832592919469	-126	88	-125	88
0.47867969423532486	-57	73	-58	73
0.41810422344133258	-64	41	-65	41
0.39457795582711697	-17	79	-16	79
0.39264107076451182	-17	82	-17	83
0.45950678735971451	-20	82	-20	83
0.46322252182289958	-17	81	-16	81
0.47932533780112863	-93	83	-93	84
0.38461464224383235	-109	63	-108	63
0.47946479544043541	-71	78	-71	79
0.48002625349909067	-132	90	-133	90
0.48035278031602502	-15	77	-14	77
0.48035615542903543	-107	87	-107	88
0.16258520167320967	-91	82	-90	82
0.48081103339791298	-51	43	-51	42
0.25404273625463247	-75	8	-75	7
0.42328942473977804	-76	8	-77	8
0.44889908516779542	-70	12	-70	11
0.473139937967062	-78	7	-78	6
0.4767973986454308	-79	10	-78	10
0.30428933864459395	-103	67	-103	66
0.35559226013720036	-105	67	-104	67
0.38382804905995727	-105	67	-105	66
0.36683199601247907	-100	63	-101	63
0.40401415480300784	-101	64	-101	63
0.42296780087053776	-100	64	-100	63
0.43378504132851958	-99	67	-99	68
0.17481962218880653	-106	71	-106	72
0.23285204637795687	-108	70	-108	71
0.30572368716821074	-107	71	-107	72
0.3264861423522234	-104	73	-105	73
0.35041554924100637	-106	72	-106	73
0.39662426430732012	-105	70	-105	71
0.18790224567055702	-103	75	-102	75
0.41533332737162709	-103	80	-102	80
0.35901613812893629	-94	76	-94	75
0.36259742500260472	-93	75	-94	75
0.39351408183574677	-89	67	-89	66
0.42555513279512525	-90	76	-90	77
0.42951625538989902	-100	80	-100	79
0.44085273100063205	-103	77	-103	76
0.44944875920191407	-92	75	-91	75
0.36100300308316946	-89	76	-88	76
0.45339652057737112	-102	65	-102	66
0.45497239753603935	-101	67	-100	67
0.32321756845340133	-97	64	-96	64
0.45749271940439939	-103	61	-103	60
0.13081815000623465	-82	72	-82	73
0.40894415322691202	-83	70	-84	70
0.42390110902488232	-84	70	-84	71
0.46901127882301807	-104	73	-103	73
0.27417171141132712	-108	78	-109	78
0.32372222421690822	-106	78	-107	78
0.34759360272437334	-108	77	-107	77
0.40764270909130573	-108	80	-109	80
0.41714024776592851	-109	77	-109	76
0.30453872680664062	-110	69	-110	70
0.473877287004143	-104	67	-104	68
0.48166087502613664	-12	65	-11	65
0.48177951341494918	-67	28	-66	28
0.48193180235102773	-132	79	-133	79
0.48196079302579165	-41	44	-40	44
0.48223909782245755	-27	68	-27	67
0.34496433334425092	-145	80	-145	79
0.34641019627451897	-147	80	-146	80
0.36579011380672455	-147	79	-146	79
0.36720086727291346	-147	79	-148	79
0.41675683856010437	-155	71	-154	71
0.42160083865746856	-156	77	-156	76
0.42783331219106913	-155	75	-155	76
0.43157401494681835	-157	69	-157	68
0.43480433151125908	-149	78	-150	78
0.44356334675103426	-152	78	-153	78
0.45251459674909711	-149	74	-149	75
0.33691910840570927	-145	66	-145	65
0.28807336976751685	-137	65	-137	64
0.30303861666470766	-136	64	-137	64
0.33737105829641223	-136	65	-136	64
0.35539608914405107	-141	63	-142	63
0.35480380849912763	-140	60	-141	60
0.36133767524734139	-139	61	-140	61
0.2846595156006515	-143	52	-142	52
0.39814311126247048	-142	68	-141	68
0.40295860916376114	-144	63	-144	62
0.40580666437745094	-140	68	-139	68
0.40915074525400996	-140	67	-140	68
0.41098982514813542	-143	53	-142	53
0.41127337515354156	-137	59	-136	59
0.41430774703621864	-138	52	-138	51
0.41731948778033257	-142	52	-141	52
0.41772388480603695	-144	50	-144	49
0.42971526272594929	-143	67	-142	67
0.43011732120066881	-139	53	-140	53
0.43604595074430108	-142	68	-142	69
0.43936995090916753	-139	58	-139	57
0.44549281289801002	-135	52	-135	51
0.44603472482413054	-144	67	-144	68
0.34136782167479396	-143	58	-144	58
0.29193057306110859	-147	52	-148	52
0.33931635925546288	-147	59	-146	59
0.43618656136095524	-152	57	-152	56
0.44657571474090219	-152	60	-151	60
0.4476004303433001	-147	53	-147	54
0.45643123192712665	-156	70	-157	70
0.45849593542516232	-137	54	-138	54
0.42081366386264563	-145	83	-145	82
0.46168454922735691	-152	55	-153	55
0.4620203566737473	-136	56	-137	56
0.46551714325323701	-139	50	-139	49
0.24695433583110571	-147	45	-148	45
0.33985185855999589	-146	47	-145	47
0.37055998994037509	-146	44	-146	43
0.37091151624917984	-144	44	-145	44
0.25509609328582883	-152	43	-152	44
0.31196470558643341	-153	43	-153	42
0.42997644888237119	-145	45	-145	44
0.41787868971005082	-147	44	-147	43
0.45402692584320903	-144	45	-143	45
0.46531220385804772	-149	45	-149	46
0.47231736686080694	-148	54	-149	54
0.47635707398876548	-150	70	-151	70
0.47650520829483867	-153	47	-153	46
0.39277247944846749	-151	86	-151	85
0.46795769361779094	-153	85	-153	86
0.42346975533291698	-146	88	-146	89
0.4789833384566009	-146	43	-146	42
0.47900839243084192	-146	68	-146	67
0.47908255876973271	-152	77	-152	76
0.29004088416695595	-151	82	-152	82
0.4806033899076283	-147	83	-146	83
0.48232897557318211	-122	67	-122	66
0.48239098442718387	-103	62	-104	62
0.48241429310292006	-73	-5	-73	-4
0.48247120901942253	-104	69	-104	68
0.48254113271832466	-59	2	-58	2
0.48260530224069953	-150	67	-150	66
0.15093560144305229	-149	38	-149	39
0.36782072763890028	-156	30	-155	30
0.37566531263291836	-154	27	-155	27
0.37988735176622868	-155	29	-155	28
0.34021659009158611	-156	37	-156	36
0.41622968483716249	-150	31	-150	30
0.42245600139722228	-161	32	-162	32
0.39908242085948586	-146	33	-146	32
0.41107856994494796	-147	31	-146	31
0.27528843469917774	-139	37	-139	38
0.40615766914561391	-137	37	-137	38
0.41696216026321054	-141	39	-141	40
0.24823883036151528	-133	46	-133	47
0.38912112498655915	-133	46	-133	45
0.40918831387534738	-132	46	-132	47
0.43748795753344893	-152	27	-152	26
0.44049708964303136	-142	35	-142	36
0.44637779146432877	-146	31	-145	31
0.44648748217150569	-145	30	-146	30
0.44801953667774796	-153	35	-153	36
0.4497606074437499	-136	38	-135	38
0.45233577489852905	-157	29	-158	29
0.34034395217895508	-155	19	-156	19
0.40703370422124863	-155	20	-154	20
0.35688469931483269	-151	20	-150	20
0.35720275668427348	-152	16	-153	16
0.3050463879480958	-156	13	-157	13
0.46121403807774186	-151	28	-151	29
0.33950664475560188	-139	32	-139	33
0.3851203816011548	-140	31	-140	30
0.28310187626630068	-129	37	-128	37
0.34563195472583175	-130	41	-131	41
0.17451367387548089	-126	44	-127	44
0.3108627307228744	-126	47	-127	47
0.34489973029121757	-127	45	-126	45
0.36141568515449762	-124	42	-124	41
0.35116231953725219	-124	48	-124	47
0.36406849278137088	-123	48	-123	47
0.37050693342462182	-121	46	-122	46
0.38383909128606319	-121	49	-120	49
0.20242982357740402	-115	47	-115	46
0.35241705970838666	-117	45	-116	45
0.39024576125666499	-115	49	-116	49
0.39097039401531219	-121	48	-122	48
0.39421822782605886	-126	42	-126	43
0.40132922539487481	-143	30	-142	30
0.40255968738347292	-124	46	-123	46
0.40558785805478692	-120	51	-119	51
0.40849170088768005	-125	46	-125	47
0.41362452413886786	-130	36	-130	37
0.4141128589399159	-131	39	-131	40
0.41778509318828583	-129	38	-130	38
0.42167892912402749	-124	29	-124	30
0.42734192684292793	-122	31	-123	31
0.36432027397677302	-123	56	-123	57
0.38063977658748627	-124	55	-124	56
0.40147883770987391	-126	54	-126	55
0.11536199832335114	-125	61	-125	62
0.26965037640184164	-127	59	-127	60
0.28905972186475992	-125	60	-125	59
0.41073637129738927	-122	56	-122	57
0.43404558952897787	-128	63	-128	62
0.37806920893490314	-132	26	-132	25
0.43650471325963736	-132	30	-132	29
0.43678636942058802	-114	44	-114	45
0.43727692821994424	-130	31	-129	31
0.43819448444992304	-122	29	-121	29
0.44085618387907743	-129	30	-129	29
0.44222939759492874	-118	46	-118	47
0.44360693078488111	-135	33	-135	34
0.44415092095732689	-127	53	-126	53
0.44605865469202399	-127	45	-127	46
0.44607429299503565	-130	35	-129	35
0.44957389915362	-128	55	-129	55
0.45447083935141563	-117	46	-117	47
0.4548383541405201	-129	33	-128	33
0.45489508844912052	-142	31	-142	30
0.45636320672929287	-129	36	-128	36
0.45870811166241765	-121	30	-121	31
0.45926702162250876	-134	30	-133	30
0.45941626187413931	-129	33	-130	33
0.45996613055467606	-114	49	-113	49
0.46034529805183411	-120	57	-121	57
0.46084121102467179	-137	34	-138	34
0.46108534326776862	-119	48	-119	47
0.46218523103743792	-122	63	-122	64
0.46237466856837273	-127	41	-126	41
0.46244061412289739	-133	36	-133	37
0.4629868664778769	-156	30	-156	31
0.46480313828215003	-155	24	-155	25
0.46497319173067808	-138	32	-138	33
0.46501082554459572	-115	48	-114	48
0.35455661080777645	-142	25	-142	24
0.35515653714537621	-146	26	-146	25
0.41730322828516364	-147	25	-148	25
0.34015496633946896	-119	58	-118	58
0.46694491663947701	-125	48	-125	47
0.46707726595923305	-139	26	-140	26
0.4674126822501421	-159	31	-159	30
0.26213583070784807	-160	17	-161	17
0.36275797849521041	-163	15	-164	15
0.4072667583823204	-157	17	-157	16
0.36190565582364798	-164	12	-164	11
0.40922193042933941	-166	15	-166	14
0.22966088959947228	-163	8	-164	8
0.36867004726082087	-165	9	-164	9
0.26386212557554245	-157	6	-157	7
0.3863358492963016	-155	4	-155	3
0.2246961179189384	-172	14	-173	14
0.25706315133720636	-172	15	-173	15
0.39379574870690703	-168	12	-168	11
0.37183579290285707	-171	5	-171	6
0.22935438202694058	-176	2	-176	1
0.34896107437089086	-176	1	-176	0
0.3503314065746963	-178	6	-178	5
0.30729408236220479	-171	2	-170	2
0.25332858972251415	-167	2	-167	3
0.35033539636060596	-180	0	-180	1
0.40196380531415343	-182	0	-183	0
0.41561273531988263	-173	4	-172	4
0.34874416096135974	-159	0	-159	-1
0.40433744713664055	-161	1	-161	2
0.42084466153755784	-183	-1	-183	0
0.42644098540768027	-158	-2	-158	-3
0.42792094871401787	-156	4	-156	3
0.4317994206212461	-181	10	-180	10
0.43213322106748819	-171	5	-171	4
0.44096535863354802	-176	8	-175	8
0.4414504817686975	-169	11	-169	10
0.44176642643287778	-158	6	-157	6
0.44634097395464778	-175	1	-175	0
0.44755072100088	-158	-1	-159	-1
0.45080543681979179	-164	9	-163	9
0.45112626627087593	-167	12	-167	11
0.45351468911394477	-168	11	-168	10
0.46091605443507433	-157	4	-156	4
0.46105315908789635	-172	2	-171	2
0.38731037965044379	-167	6	-166	6
0.39952869294211268	-167	6	-167	5
0.34523968957364559	-176	-2	-176	-1
0.31220829905942082	-166	-3	-166	-2
0.16567262494936585	-164	-5	-164	-4
0.31681783916428685	-166	-9	-167	-9
0.35902376566082239	-168	-9	-167	-9
0.38510076096281409	-167	-8	-166	-8
0.19398942310363054	-167	-1	-167	0
0.41207934869453311	-168	-6	-168	-5
0.44333515223115683	-170	-6	-171	-6
0.44842873141169548	-171	-8	-171	-7
0.44967794371768832	-171	-8	-172	-8
0.46323196543380618	-171	-10	-171	-11
0.46388982934877276	-165	-3	-165	-4
0.46742515778169036	-170	-7	-170	-6
0.46755641093477607	-171	-6	-171	-7
0.46878491062670946	-154	10	-155	10
0.46884014643728733	-138	25	-137	25
0.46897203149273992	-127	41	-127	40
0.46989260520786047	-156	28	-157	28
0.47007513139396906	-128	45	-129	45
0.47032408090308309	-155	8	-154	8
0.47082204930484295	-136	30	-136	29
0.47168352641165257	-175	-5	-175	-6
0.26575116673484445	-125	22	-124	22
0.36983228288590908	-124	24	-123	24
0.35348540358245373	-121	27	-122	27
0.35424646036699414	-120	28	-119	28
0.37593469442799687	-119	27	-119	28
0.42829365888610482	-124	24	-124	25
0.36196786118671298	-122	21	-122	20
0.46995888277888298	-122	23	-122	24
0.4720413014292717	-136	31	-136	30
0.47249383851885796	-160	6	-160	5
0.47250575060024858	-123	27	-124	27
0.47292690724134445	-125	24	-125	25
0.47311063064262271	-131	42	-130	42
0.47336205886676908	-126	29	-126	30
0.47350769909098744	-121	28	-121	27
0.47396804857999086	-131	25	-130	25
0.21582135977223516	-148	19	-149	19
0.23356704274192452	-148	21	-147	21
0.32374219596385956	-147	23	-147	22
0.42134662438184023	-144	22	-145	22
0.46762180887162685	-146	21	-146	20
0.47482519689947367	-131	32	-132	32
0.43320504482835531	-160	12	-159	12
0.47273511905223131	-160	13	-160	12
0.42491064732894301	-152	23	-151	23
0.47557062515988946	-163	1	-163	2
0.4773640432395041	-122	25	-121	25
0.47812663810327649	-128	44	-128	45
0.47856184793636203	-125	56	-124	56
0.41048289416357875	-124	34	-125	34
0.48015697114169598	-157	37	-157	36
0.48021821491420269	-112	52	-112	51
0.48067587008699775	-150	20	-149	20
0.48075288906693459	-134	44	-134	45
0.48120511509478092	-156	23	-157	23
0.48135142074897885	-175	12	-175	11
0.48143845796585083	-140	28	-140	27
0.21919406671077013	-120	21	-120	22
0.36598667781800032	-120	23	-119	23
0.27759351581335068	-114	17	-113	17
0.35417278902605176	-113	18	-113	17
0.36746963998302817	-110	20	-109	20
0.2940789507701993	-107	14	-107	13
0.40165629144757986	-111	16	-112	16
0.38863493222743273	-108	10	-108	11
0.4263107986189425	-116	20	-115	20
0.42650342918932438	-113	17	-112	17
0.43584267282858491	-121	22	-121	23
0.44263890758156776	-108	16	-108	15
0.45074073132127523	-108	17	-107	17
0.4516201326623559	-118	19	-117	19
0.45709257107228041	-108	13	-109	13
0.40863015502691269	-125	19	-126	19
0.4622608469799161	-105	10	-104	10
0.46342183789238334	-114	19	-114	18
0.35698518110439181	-121	11	-122	11
0.44100075773894787	-120	10	-120	11
0.40616327058523893	-115	3	-116	3
0.43285245727747679	-116	8	-115	8
0.36744856741279364	-123	6	-124	6
0.39230763074010611	-120	1	-119	1
0.40728454664349556	-118	3	-118	4
0.32371945446357131	-131	8	-132	8
0.3342328043654561	-131	21	-130	21
0.42670479929074645	-130	4	-130	5
0.43514171848073602	-131	7	-130	7
0.31966426316648722	-134	12	-134	13
0.44082316383719444	-130	3	-130	4
0.44889227487146854	-127	6	-128	6
0.45919632865116	-133	13	-134	13
0.37301982706412673	-137	10	-137	9
0.41395946452394128	-135	10	-135	9
0.44369238894432783	-139	7	-139	8
0.2090017581358552	-143	12	-143	13
0.36634410498663783	-146	16	-146	15
0.39089168375357985	-144	16	-144	15
0.42759496392682195	-140	13	-139	13
0.28893060982227325	-144	13	-144	12
0.37871573818847537	-146	13	-145	13
0.42524740425869823	-146	11	-145	11
0.46236295904964209	-131	19	-131	20
0.46426889719441533	-116	5	-116	6
0.46988600958138704	-142	15	-143	15
0.45812637498602271	-126	11	-126	12
0.47275863075628877	-117	7	-117	6
0.4730961718596518	-126	13	-126	12
0.39408483821898699	-115	2	-115	1
0.4353282367810607	-107	6	-107	7
0.43563607707619667	-111	5	-111	4
0.44705187762156129	-114	1	-115	1
0.45487274089828134	-110	5	-110	4
0.46964723197743297	-109	5	-109	6
0.47605213103815913	-124	8	-124	9
0.27689589373767376	-105	4	-104	4
0.47797161620110273	-127	10	-127	11
0.47915794281288981	-114	16	-113	16
0.48098648386076093	-137	12	-138	12
0.47735839197412133	-160	-9	-160	-10
0.48280580248683691	-121	17	-121	16
0.48280793102458119	-35	69	-35	68
0.48282263660803437	-44	54	-44	53
0.48303869413211942	-48	47	-48	48
0.48307769652456045	-124	8	-123	8
0.48322006687521935	-120	24	-120	23
0.48338581062853336	-97	102	-98	102
0.48341424204409122	-73	78	-72	78
0.48348703933879733	-92	75	-92	74
0.48358948808163404	-93	88	-94	88
0.35557411843910813	-161	66	-161	65
0.40833141608163714	-162	66	-161	66
0.39562345948070288	-166	59	-167	59
0.40701582236215472	-168	60	-169	60
0.41668596211820841	-160	67	-160	66
0.42786350194364786	-163	59	-163	60
0.43244324950501323	-162	63	-163	63
0.43768870923668146	-153	65	-152	65
0.44417587528005242	-167	58	-167	57
0.44680359633639455	-160	62	-159	62
0.45129147125408053	-161	63	-161	62
0.31792433792725205	-171	60	-171	61
0.36090621119365096	-173	59	-173	60
0.31927603017538786	-182	65	-183	65
0.40885975630953908	-175	58	-176	58
0.41664161672815681	-174	61	-175	61
0.42222636472433805	-177	62	-177	61
0.42409093724563718	-181	63	-181	64
0.42791053373366594	-173	60	-173	61
0.43270406499505043	-179	63	-179	64
0.43295096047222614	-182	64	-183	64
0.31820857804268599	-181	69	-181	70
0.32110201101750135	-180	69	-180	70
0.29382456140592694	-174	71	-174	72
0.18442536750808358	-176	76	-176	75
0.30192751716822386	-170	66	-170	65
0.39560722419992089	-177	68	-177	69
0.40758588304743171	-177	67	-176	67
0.41076531354337931	-176	69	-176	68
0.4283777941018343	-176	71	-176	72
0.43575077457353473	-174	69	-174	68
0.36166785378009081	-175	84	-176	84
0.37213951861485839	-181	86	-180	86
0.37217769352719188	-175	85	-174	85
0.36986723588779569	-177	88	-178	88
0.38803165499120951	-175	83	-176	83
0.39435764728114009	-170	80	-171	80
0.41180971171706915	-176	88	-176	89
0.41540188435465097	-171	82	-171	81
0.41189457383006811	-183	75	-182	75
0.34404245857149363	-182	84	-182	85
0.35708575742319226	-180	68	-180	67
0.28693259553983808	-167	68	-168	68
0.45755217131227255	-181	76	-181	77
0.45762810250744224	-184	73	-185	73
0.45795377250760794	-175	70	-175	71
0.45828466396778822	-176	84	-177	84
0.2674953849054873	-191	74	-191	75
0.32913094013929367	-190	78	-190	79
0.41070976387709379	-190	71	-189	71
0.26469640852883458	-199	65	-198	65
0.30302123678848147	-202	65	-202	66
0.1522115096449852	-194	74	-194	73
0.33812439441680908	-195	74	-195	75
0.355389220174402	-198	68	-197	68
0.36024056142196059	-197	71	-197	70
0.31713779922574759	-204	71	-203	71
0.32907406939193606	-207	64	-208	64
0.34641846222802997	-208	67	-208	66
0.38305411906912923	-208	63	-208	62
0.40525913285091519	-200	67	-201	67
0.40899007488042116	-209	66	-209	65
0.40913066826760769	-204	69	-204	68
0.41164111625403166	-199	69	-199	68
0.33533773384988308	-193	57	-193	58
0.35510217538103461	-195	58	-194	58
0.22673183539882302	-185	61	-185	60
0.39362239465117455	-188	63	-188	62
0.39909879956394434	-190	63	-190	62
0.21157371904700994	-207	72	-206	72
0.33630729978904128	-208	72	-207	72
0.42711279960349202	-203	67	-204	67
0.42788344994187355	-194	60	-194	59
0.42820108728483319	-206	67	-206	68
0.43661267124116421	-201	68	-202	68
0.43719505332410336	-204	69	-205	69
0.44005229230970144	-199	66	-199	65
0.44037191057577729	-190	66	-191	66
0.44323405809700489	-197	67	-197	68
0.44548594020307064	-206	64	-205	64
0.44646724220365286	-196	65	-196	64
0.44647490093484521	-187	80	-187	81
0.44692074088379741	-206	66	-206	67
0.44955250201746821	-204	69	-204	70
0.37542028771713376	-212	60	-212	61
0.45039365626871586	-189	77	-189	78
0.45270043564960361	-196	71	-196	70
0.45338950492441654	-189	62	-190	62
0.45429611345753074	-205	72	-206	72
0.45543271396309137	-204	67	-205	67
0.45727804023772478	-193	64	-194	64
0.45824249228462577	-204	66	-204	65
0.45939989294856787	-196	73	-195	73
0.46058036992326379	-197	69	-198	69
0.46189615083858371	-169	60	-169	61
0.46314238291233778	-176	86	-177	86
0.46334608364850283	-199	63	-198	63
0.4634865615516901	-160	61	-160	60
0.46392308315262198	-192	76	-193	76
0.46418568724766374	-195	69	-195	68
0.46439775079488754	-191	75	-191	76
0.468252282589674	-193	72	-193	73
0.47130515472963452	-181	63	-182	63
0.47177143208682537	-205	65	-205	64
0.4011886939406395	-155	54	-155	55
0.40715294843539596	-156	54	-157	54
0.47208472667261958	-175	87	-175	88
0.47209985461086035	-182	65	-182	66
0.47415802953764796	-178	71	-177	71
0.22770868195220828	-178	48	-178	49
0.38628596905618906	-183	52	-182	52
0.38996028015390038	-182	51	-181	51
0.39853915804997087	-187	52	-186	52
0.40165676968172193	-181	54	-181	55
0.40361000597476959	-186	53	-187	53
0.40810524113476276	-184	55	-184	54
0.40849993471056223	-180	49	-179	49
0.41168353194370866	-180	55	-181	55
0.46130686672404408	-180	47	-180	46
0.47572424029931426	-194	75	-194	76
0.47645001672208309	-181	57	-181	56
0.47649039002135396	-184	52	-183	52
0.47733803046867251	-182	55	-181	55
0.43089165771380067	-162	46	-163	46
0.33330640289932489	-163	44	-162	44
0.48037151759490371	-160	65	-160	64
0.48072149464860559	-178	74	-179	74
0.48166440799832344	-195	66	-195	67
0.48251450108364224	-179	62	-179	61
0.48259941302239895	-179	67	-180	67
0.48298341454938054	-182	51	-182	50
0.48397601535543799	-108	86	-108	85
0.48403519578278065	-125	86	-125	85
0.48427325719967484	-40	53	-40	54
0.46561495773494244	-158	43	-157	43
0.3071420188061893	-53	-6	-54	-6
0.48446140112355351	-127	91	-128	91
0.48458849033340812	-134	27	-135	27
0.48460468649864197	-50	58	-49	58
0.48464516131207347	-57	20	-57	19
0.48478987067937851	-123	2	-123	3
0.48502765456214547	-119	10	-119	9
0.48503764113411307	-142	16	-141	16
0.32256336370483041	-63	-10	-64	-10
0.34575697220861912	-60	-4	-60	-3
0.44313432881608605	-61	-10	-62	-10
0.4729450773447752	-59	-8	-59	-9
0.31042003305628896	-62	-20	-61	-20
0.41181197436526418	-63	-18	-63	-19
0.41860666591674089	-57	-11	-57	-12
0.21392973000183702	-66	-16	-67	-16
0.48518655216321349	-194	77	-193	77
0.48520161397755146	-124	21	-123	21
0.36783059500157833	-183	43	-182	43
0.27538270549848676	-187	44	-188	44
0.28978011664003134	-187	43	-188	43
0.38452715473249555	-183	42	-184	42
0.33266847627237439	-188	50	-188	49
0.11895962711423635	-188	56	-188	55
0.38365275878459215	-186	49	-186	50
0.25694300793111324	-190	51	-191	51
0.35951033513993025	-192	44	-193	44
0.39089098386466503	-186	51	-186	50
0.39498735731467605	-184	41	-185	41
0.40602779528126121	-191	47	-190	47
0.38932060962542892	-199	44	-199	43
0.30496318498626351	-194	40	-195	40
0.4149905196391046	-189	49	-188	49
0.42368966061621904	-180	39	-179	39
0.42768170777708292	-191	44	-192	44
0.42851791763678193	-194	43	-195	43
0.43370218714699149	-186	42	-186	43
0.43613330461084843	-193	43	-194	43
0.43284821417182684	-182	36	-182	37
0.43817733367905021	-177	37	-177	36
0.43843691516667604	-182	41	-182	40
0.44050016952678561	-184	40	-184	41
0.44874705281108618	-183	41	-182	41
0.45034197624772787	-190	44	-191	44
0.45306989457458258	-190	46	-191	46
0.46468886593356729	-196	43	-197	43
0.47252319939434528	-193	46	-194	46
0.48044717917218804	-190	41	-190	42
0.4819012782536447	-185	50	-185	49
0.48265674617141485	-180	31	-180	30
0.4854379640892148	-56	-2	-56	-3
0.28881202358752489	-147	76	-147	75
0.34032517811283469	-65	-12	-64	-12
0.48567215260118246	-151	35	-152	35
0.48581280698999763	-18	71	-17	71
0.48581577511504292	-136	45	-135	45
0.48589208768680692	-123	36	-123	35
0.48592865467071533	-155	38	-155	39
0.48594140354543924	-134	11	-135	11
0.35608415957540274	-71	-13	-70	-13
0.31843464076519012	-71	-18	-70	-18
0.34871900919824839	-69	-18	-69	-17
0.40800355700775981	-74	-18	-73	-18
0.41128319222480059	-73	-11	-74	-11
0.241187724750489	-78	-12	-78	-11
0.32263463735580444	-78	-14	-79	-14
0.35538852121680975	-79	-12	-78	-12
0.31137737492099404	-85	-8	-86	-8
0.37687838263809681	-82	-10	-82	-9
0.40845142165198922	-84	-6	-84	-7
0.42070967145264149	-77	-15	-77	-16
0.42492930917069316	-72	-19	-72	-18
0.44610425783321261	-79	-9	-80	-9
0.44911987287923694	-77	-11	-76	-11
0.45811583753675222	-72	-17	-72	-18
0.38737009651958942	-85	-13	-84	-13
0.30389229161664844	-86	-14	-87	-14
0.40848133154213428	-83	-17	-83	-18
0.40866436343640089	-82	-15	-83	-15
0.33461513603106141	-86	-20	-87	-20
0.43580668838694692	-85	-11	-85	-12
0.44137543952092528	-87	-22	-88	-22
0.4424467827193439	-83	-19	-82	-19
0.45241756783798337	-82	-18	-81	-18
0.45650413492694497	-83	-17	-82	-17
0.40314981108531356	-91	-22	-92	-22
0.1128682536073029	-88	-30	-87	-30
0.32102889288216829	-89	-29	-89	-30
0.35541181592270732	-88	-28	-88	-29
0.35886922897771001	-88	-32	-88	-33
0.32306421454995871	-92	-32	-93	-32
0.3670081403106451	-89	-33	-90	-33
0.2564187734387815	-83	-32	-82	-32
0.35054674465209246	-82	-33	-81	-33
0.39427135093137622	-87	-31	-88	-31
0.39765891386196017	-89	-28	-89	-27
0.3999201962724328	-83	-33	-83	-34
0.4188592629507184	-89	-30	-90	-30
0.44021901115775108	-90	-29	-90	-30
0.41895577171817422	-83	-29	-83	-28
0.44009250123053789	-81	-29	-81	-28
0.45000065490603447	-85	-34	-85	-35
0.4546650662086904	-78	-28	-77	-28
0.45683088200166821	-90	-32	-90	-31
0.47214835928753018	-76	-28	-76	-29
0.47310236701741815	-70	-20	-71	-20
0.47334235534071922	-77	-29	-78	-29
0.47336270892992616	-87	-17	-88	-17
0.47824860736727715	-75	-14	-75	-15
0.48004697542637587	-93	-34	-92	-34
0.4801028142683208	-75	-12	-74	-12
0.48033574502915144	-85	-18	-86	-18
0.48058952298015356	-81	-32	-80	-32
0.27869625110179186	-103	-51	-103	-52
0.32598734833300114	-99	-47	-98	-47
0.34667147742584348	-101	-47	-102	-47
0.34895941894501448	-103	-44	-103	-45
0.32670050021260977	-98	-50	-98	-49
0.31249858671799302	-104	-39	-105	-39
0.34964000340551138	-106	-39	-106	-40
0.41055078106001019	-95	-46	-95	-47
0.41346573131158948	-102	-49	-103	-49
0.41486383322626352	-98	-49	-99	-49
0.42323552770540118	-101	-47	-101	-48
0.4289242085069418	-102	-50	-103	-50
0.43274711631238461	-103	-42	-102	-42
0.28194696456193924	-109	-48	-109	-47
0.36773066222667694	-106	-48	-107	-48
0.26162513066083193	-108	-42	-108	-43
0.35934385564178228	-109	-45	-108	-45
0.29745172057300806	-112	-42	-113	-42
0.29790217848494649	-114	-40	-115	-40
0.2740558423101902	-116	-34	-115	-34
0.30063584772869945	-117	-33	-117	-34
0.36243377067148685	-116	-35	-115	-35
0.37829542113468051	-117	-32	-117	-33
0.38573131570592523	-107	-46	-108	-46
0.38579009380191565	-116	-34	-117	-34
0.40604898193851113	-106	-49	-106	-50
0.40838612802326679	-112	-31	-112	-30
0.34414817439392209	-117	-52	-118	-52
0.42679239390417933	-108	-47	-109	-47
0.43002624856308103	-113	-40	-113	-39
0.43633392406627536	-107	-50	-108	-50
0.26539549743756652	-123	-60	-123	-61
0.30461538676172495	-119	-54	-120	-54
0.35215605841949582	-121	-56	-121	-57
0.39781054155901074	-122	-58	-122	-59
0.40805588848888874	-119	-51	-120	-51
0.43951347330585122	-109	-46	-110	-46
0.27106897439807653	-127	-29	-126	-29
0.30034960713237524	-127	-30	-128	-30
0.34013349236920476	-125	-35	-125	-36
0.35232351440936327	-125	-32	-125	-31
0.35743956407532096	-124	-30	-124	-29
0.36000399058684707	-127	-33	-127	-32
0.37307285470888019	-126	-30	-127	-30
0.39630207279697061	-121	-33	-122	-33
0.40233560325577855	-124	-30	-123	-30
0.4122959990054369	-120	-30	-120	-31
0.43120997073128819	-125	-27	-125	-26
0.4327289848588407	-122	-24	-121	-24
0.44419193174690008	-125	-34	-125	-33
0.44557730946689844	-118	-36	-119	-36
0.44598641153424978	-109	-47	-109	-46
0.44627863354980946	-120	-53	-120	-54
0.45142536237835884	-122	-24	-122	-23
0.45365567086264491	-96	-40	-96	-41
0.45405062427744269	-128	-27	-128	-26
0.45532463677227497	-111	-44	-111	-43
0.45651006326079369	-115	-51	-115	-52
0.45793064450845122	-112	-49	-113	-49
0.45920491078868508	-96	-46	-96	-45
0.45928326714783907	-122	-57	-123	-57
0.45942749409005046	-102	-51	-102	-52
0.46008050534874201	-124	-59	-125	-59
0.46090026292949915	-104	-40	-104	-39
0.46175917703658342	-94	-44	-94	-45
0.46212949184700847	-110	-40	-111	-40
0.46217085374519229	-118	-55	-119	-55
0.32551512774080038	-105	-33	-104	-33
0.3805663320235908	-108	-31	-108	-30
0.4522945829667151	-106	-34	-106	-33
0.46314283739775419	-102	-44	-102	-45
0.46367116970941424	-109	-40	-109	-41
0.39431223832070827	-108	-41	-108	-40
0.30679265456274152	-101	-63	-100	-63
0.31174349691718817	-99	-61	-99	-60
0.36481207283213735	-100	-64	-100	-63
0.42106534447520971	-97	-56	-98	-56
0.30886827921494842	-97	-65	-98	-65
0.42862916551530361	-107	-64	-108	-64
0.43576826713979244	-106	-63	-107	-63
0.41630728356540203	-123	-20	-123	-21
0.19595291698351502	-135	-19	-135	-18
0.21051549911499023	-133	-22	-134	-22
0.2673691245727241	-131	-21	-132	-21
0.31753665907308459	-133	-23	-132	-23
0.36711205216124654	-133	-14	-134	-14
0.36967404466122389	-133	-13	-134	-13
0.40312301088124514	-134	-15	-135	-15
0.31612529512494802	-131	-30	-131	-31
0.29023647960275412	-138	-34	-139	-34
0.43794424086809158	-121	-19	-122	-19
0.37042939616367221	-124	-17	-125	-17
0.44104187190532684	-135	-31	-135	-30
0.39244380546733737	-136	-22	-136	-23
0.39318552426993847	-138	-25	-138	-26
0.4449160136282444	-130	-24	-130	-23
0.45313816983252764	-134	-30	-134	-29
0.45642986195161939	-133	-17	-132	-17
0.46030070539563894	-127	-19	-127	-18
0.32152426848188043	-140	-19	-140	-18
0.4624713365919888	-124	-22	-124	-21
0.46296114102005959	-139	-21	-139	-20
0.46622664714232087	-137	-33	-137	-34
0.3438593503087759	-148	-21	-148	-20
0.39742752071470022	-145	-19	-146	-19
0.34752659173682332	-149	-15	-150	-15
0.16723290923982859	-149	-10	-149	-9
0.27263154368847609	-147	-12	-147	-11
0.29842770332470536	-148	-9	-148	-8
0.3967256392352283	-147	-11	-146	-11
0.35303467977792025	-147	-6	-146	-6
0.30591518804430962	-145	-4	-145	-3
0.3936955607496202	-146	-5	-146	-4
0.42602864466607571	-143	-10	-144	-10
0.26339452899992466	-135	-4	-134	-4
0.43088238872587681	-151	-14	-151	-13
0.45960892830044031	-144	-3	-145	-3
0.46843866212293506	-140	-8	-140	-7
0.45643338328227401	-142	-38	-141	-38
0.46851497562602162	-124	-11	-123	-11
0.4712129426188767	-97	-34	-96	-34
0.47149983001872897	-134	-13	-135	-13
0.47227309970185161	-125	-29	-126	-29
0.4729407262057066	-145	-10	-145	-11
0.47506368951871991	-145	-3	-145	-2
0.47520121792331338	-148	-23	-148	-22
0.47542293649166822	-128	-27	-128	-28
0.47552391607314348	-111	-35	-111	-34
0.47567057842388749	-134	-31	-133	-31
0.47598383016884327	-130	-25	-131	-25
0.47750880476087332	-149	-11	-148	-11
0.47756778495386243	-126	-26	-125	-26
0.47838219348341227	-109	-28	-109	-27
0.47874288447201252	-122	-19	-123	-19
0.47914979932829738	-123	-61	-123	-62
0.47983496636152267	-130	-18	-130	-17
0.47996298642829061	-132	-20	-132	-21
0.3964525586925447	-101	-26	-100	-26
0.19722157064825296	-98	-29	-98	-28
0.38670027954503894	-102	-31	-102	-30
0.40286611765623093	-97	-29	-96	-29
0.48099599406123161	-120	-22	-120	-21
0.48116667661815882	-143	-19	-144	-19
0.48140514781698585	-141	-17	-142	-17
0.48209225339815021	-95	-46	-95	-45
0.48224704479798675	-128	-21	-129	-21
0.48243412002921104	-142	-19	-141	-19
0.48257567640393972	-141	-33	-141	-32
0.48297830671072006	-80	-28	-80	-27
0.48303921008482575	-114	-44	-113	-44
0.48335939925163984	-109	-27	-109	-26
0.48348130425438285	-145	-24	-145	-23
0.48365580150857568	-113	-52	-113	-51
0.48404364148154855	-100	-61	-100	-62
0.485677151940763	-81	-8	-82	-8
0.31479687429964542	-75	-21	-75	-20
0.38751031691208482	-138	74	-139	74
0.44860146520659328	-141	74	-141	75
0.45850661024451256	-140	74	-139	74
0.40540957497432828	-137	70	-137	69
0.48640065314248204	-146	-23	-146	-22
0.48640563897788525	-125	73	-126	73
0.48646224802359939	-129	10	-129	11
0.48651279509067535	-75	9	-76	9
0.4866149933077395	-48	38	-48	37
0.48677678359672427	-151	73	-151	72
0.48686807695776224	-40	16	-39	16
0.41203039791435003	-16	1	-17	1
0.48715768754482269	-117	97	-118	97
0.48733948124572635	-21	33	-21	34
0.48751199431717396	-70	3	-70	4
0.48759074555709958	-91	-21	-91	-20
0.48759621614590287	-166	8	-166	7
0.48760148184373975	-50	50	-49	50
0.26252094889059663	-111	27	-111	26
0.37154923193156719	-113	29	-113	30
0.40523135429248214	-107	27	-108	27
0.41568941110745072	-108	28	-108	29
0.42654020665213466	-114	23	-115	23
0.44560474809259176	-110	27	-110	28
0.44881829479709268	-111	27	-110	27
0.36690157884731889	-108	24	-107	24
0.42676196666434407	-107	23	-106	23
0.43066566158086061	-108	22	-107	22
0.48559523327276111	-111	29	-110	29
0.48595552798360586	-106	26	-106	25
0.48764974670484662	-173	1	-173	0
0.48773915506899357	-182	55	-182	56
0.48784902039915323	-40	21	-40	22
0.48785958811640739	-164	0	-164	-1
0.37087588477879763	-130	-53	-130	-52
0.44588590646162629	-125	-51	-125	-50
0.4823806774802506	-126	-49	-127	-49
0.48801860772073269	-185	52	-185	51
0.48828881606459618	-190	64	-191	64
0.48831790219992399	-180	47	-181	47
0.48835589364171028	-102	-67	-101	-67
0.45711005199700594	-30	55	-30	54
0.2474284959025681	-154	84	-154	83
0.42126067308709025	-155	83	-154	83
0.42144188657402992	-159	80	-160	80
0.4391677868552506	-159	78	-159	77
0.46153026772662997	-157	83	-156	83
0.47157376119866967	-158	78	-158	79
0.4887700192630291	-144	34	-145	34
0.48880435666069388	-186	56	-187	56
0.48883291753008962	-30	63	-30	64
0.31753701064735651	-131	-62	-131	-63
0.30615194328129292	-134	-65	-134	-64
0.31695936061441898	-139	-63	-139	-64
0.32950152782723308	-135	-66	-134	-66
0.35181956319138408	-130	-59	-130	-60
0.35905618453398347	-133	-66	-134	-66
0.37218212895095348	-132	-62	-133	-62
0.29925728915259242	-142	-66	-143	-66
0.36014452110975981	-141	-65	-142	-65
0.26754203392192721	-148	-60	-148	-59
0.27751192264258862	-145	-60	-146	-60
0.31352688930928707	-147	-60	-148	-60
0.34496523952111602	-144	-59	-145	-59
0.40036763390526175	-146	-60	-146	-59
0.3422491354867816	-140	-69	-141	-69
0.36306543787941337	-141	-69	-141	-70
0.37061066413298249	-138	-69	-139	-69
0.37790516158565879	-140	-69	-140	-70
0.4119509719312191	-147	-61	-147	-60
0.43434609472751617	-147	-60	-147	-59
0.43525030044838786	-146	-65	-147	-65
0.35330876568332314	-139	-79	-140	-79
0.29362099803984165	-134	-80	-134	-81
0.3147588106803596	-140	-83	-141	-83
0.28707964764907956	-140	-74	-140	-73
0.36884238943457603	-146	-73	-145	-73
0.40577874751761556	-144	-73	-143	-73
0.40874893357977271	-145	-69	-146	-69
0.20653305016458035	-143	-84	-142	-84
0.30922651570290327	-141	-85	-141	-84
0.34661766607314348	-144	-83	-144	-84
0.37736485805362463	-139	-86	-139	-85
0.43060160567983985	-141	-81	-141	-82
0.44332430651411414	-141	-65	-141	-64
0.45050315465778112	-128	-61	-129	-61
0.45283335307613015	-147	-86	-147	-87
0.45579924201592803	-141	-83	-141	-84
0.45659464318305254	-140	-66	-141	-66
0.3477757559157908	-132	-55	-132	-56
0.41902888566255569	-135	-55	-135	-56
0.46516103902831674	-149	-61	-149	-60
0.46996093867346644	-139	-64	-139	-65
0.47248948784545064	-145	-59	-145	-58
0.47586675453931093	-144	-84	-144	-85
0.47951053595170379	-135	-68	-136	-68
0.4810429927892983	-135	-66	-136	-66
0.48255716823041439	-135	-86	-135	-87
0.48279533395543694	-140	-85	-139	-85
0.48896524449810386	-135	-33	-134	-33
0.48897132091224194	-9	29	-9	28
0.48924537654966116	-154	17	-154	18
0.48926274990662932	-90	-26	-89	-26
0.48945153364911675	-137	60	-137	61
0.48951199371367693	-100	-54	-101	-54
0.17570908786728978	-106	57	-107	57
0.34710396593436599	-109	58	-108	58
0.23199090687558055	-107	47	-108	47
0.41597720328718424	-109	49	-109	48
0.41675627650693059	-108	49	-108	48
0.41766655677929521	-108	59	-107	59
0.4293680083937943	-106	58	-105	58
0.44851000607013702	-104	59	-104	58
0.29778792429715395	-104	55	-103	55
0.4644229463301599	-108	50	-109	50
0.47175420029088855	-112	55	-112	56
0.48249090323224664	-111	56	-111	57
0.41778423450887203	-110	44	-110	43
0.44820454297587276	-109	44	-110	44
0.48634447623044252	-105	56	-104	56
0.48961031623184681	-106	76	-107	76
0.28066650126129389	-118	-42	-119	-42
0.40626370720565319	-118	-44	-118	-45
0.4470772328786552	-119	-42	-119	-43
0.48965116124600172	-137	39	-137	38
0.48970977682620287	-167	3	-167	4
0.48971478035673499	-66	-2	-66	-1
0.48973263846710324	-62	15	-62	16
0.48976109735667706	-66	-5	-65	-5
0.48978261137381196	-137	-5	-138	-5
0.4897839380428195	-154	37	-154	36
0.48990943096578121	-152	59	-152	58
0.48997179931029677	-16	76	-16	75
0.34085413627326488	-164	92	-165	92
0.44447182212024927	-163	88	-163	87
0.46489631943404675	-162	88	-162	89
0.47489104839041829	-161	86	-162	86
0.49000118998810649	-142	-10	-141	-10
0.49002166837453842	-110	-52	-110	-53
0.49025336746126413	-173	73	-173	72
0.49030459020286798	-201	65	-201	64
0.45495335292071104	-172	37	-171	37
0.32660407433286309	-167	29	-167	28
0.35850855289027095	-169	29	-168	29
0.40317942341789603	-170	30	-171	30
0.41765345865860581	-169	28	-169	27
0.4669151334092021	-170	26	-169	26
0.36919393530115485	-176	22	-175	22
0.41553528886288404	-176	23	-175	23
0.39146732911467552	-179	18	-179	17
0.39448046451434493	-178	21	-179	21
0.39894166821613908	-177	19	-177	18
0.43965484946966171	-176	17	-176	16
0.45848455652594566	-174	17	-175	17
0.46166546829044819	-179	19	-179	20
0.49037510901689529	-179	85	-180	85
0.49039292661473155	-175	76	-174	76
0.38280051574110985	-52	5	-52	6
0.49047166854143143	-178	69	-178	70
0.4905258878134191	-114	8	-115	8
0.21773656411096454	-49	-8	-48	-8
0.38991037243977189	-48	-6	-49	-6
0.38915368122979999	-54	-11	-55	-11
0.44404465705156326	-54	-12	-55	-12
0.45376589987426996	-52	-10	-52	-9
0.48247991735115647	-47	-7	-47	-8
0.48666763352230191	-51	-7	-52	-7
0.49070063792169094	-28	19	-29	19
0.49072905164211988	-86	-18	-87	-18
0.49089716421440244	-135	56	-134	56
0.49091496597975492	-144	14	-144	13
0.49094928195700049	-26	29	-27	29
0.49095653695985675	-71	6	-70	6
0.49096735334023833	-96	-57	-96	-58
0.49099708441644907	-67	-14	-68	-14
0.49104778980836272	-118	-37	-119	-37
0.39364868449047208	-205	75	-205	76
0.47098158067092299	-203	76	-202	76
0.49111466715112329	-133	-73	-133	-72
0.49122992670163512	-47	73	-47	74
0.49127694824710488	-22	79	-22	78
0.49136558081954718	-94	104	-94	103
0.49149634968489408	-204	75	-204	76
0.21210259478539228	-133	82	-133	81
0.47474673297256231	-133	83	-133	82
0.49161742860451341	-205	65	-206	65
0.49161874549463391	-14	80	-14	79
0.49166279379278421	-71	87	-70	87
0.49171912763267756	-126	27	-125	27
0.49180678185075521	-92	91	-92	92
0.49186798743903637	-101	85	-101	84
0.49187241494655609	-40	50	-39	50
0.49191960878670216	-114	-35	-113	-35
0.49211769131943583	-42	67	-41	67
0.26905737584456801	-127	1	-127	0
0.40163835603743792	-129	1	-129	0
0.40423812158405781	-128	1	-128	0
0.4849780136719346	-128	1	-128	2
0.49220081651583314	-146	34	-145	34
0.31114997901022434	-44	10	-44	9
0.492341925855726	-148	49	-147	49
0.49237245274707675	-157	77	-157	78
0.49248307012021542	-99	-56	-99	-57
0.49251410784199834	-184	39	-185	39
0.46448343060910702	-155	62	-155	63
0.49256751872599125	-101	-58	-101	-59
0.49258753843605518	-107	-32	-106	-32
0.49264149693772197	-120	4	-120	3
0.15044028963893652	-201	31	-200	31
0.30741423601284623	-200	34	-201	34
0.34069589944556355	-200	34	-200	33
0.3614153228700161	-199	35	-200	35
0.33074919879436493	-212	28	-212	27
0.35025167232379317	-212	30	-211	30
0.28701828513294458	-216	26	-216	27
0.21607925975695252	-218	21	-219	21
0.32913580304011703	-223	22	-223	21
0.18035001819953322	-207	24	-208	24
0.25335366791114211	-207	23	-208	23
0.35729177528992295	-206	24	-206	23
0.38409460196271539	-205	36	-204	36
0.38521581375971437	-214	27	-214	28
0.13725661160424352	-196	30	-196	31
0.25775097822770476	-196	36	-197	36
0.30627383384853601	-191	39	-192	39
0.33918204717338085	-194	35	-194	36
0.34020186774432659	-190	34	-190	33
0.34188210126012564	-189	31	-189	30
0.3605734296143055	-190	31	-190	32
0.36399291502311826	-194	36	-194	37
0.38156887888908386	-187	35	-186	35
0.3823095872066915	-185	26	-184	26
0.39247603574767709	-196	32	-197	32
0.39512089034542441	-201	40	-201	41
0.39593947120010853	-203	37	-202	37
0.40328758582472801	-203	39	-203	38
0.40685577364638448	-192	32	-192	33
0.41297043859958649	-190	26	-189	26
0.29932567151263356	-208	33	-207	33
0.30181611469015479	-211	35	-211	36
0.41598704643547535	-218	21	-217	21
0.41751295607537031	-201	31	-201	30
0.42346034990623593	-215	26	-214	26
0.42521057883277535	-202	43	-203	43
0.42751440685242414	-210	32	-211	32
0.42849554307758808	-186	31	-186	30
0.43146086111664772	-199	34	-200	34
0.32088728761300445	-228	23	-227	23
0.36035216925665736	-227	22	-227	21
0.32443122658878565	-236	23	-236	24
0.33344017807394266	-234	21	-234	22
0.30833868868649006	-232	26	-233	26
0.29252001224085689	-236	32	-237	32
0.36179706919938326	-232	33	-231	33
0.33415891230106354	-227	37	-226	37
0.36718369461596012	-227	36	-227	37
0.38540029292926192	-229	38	-230	38
0.38881207630038261	-229	32	-228	32
0.38935220660641789	-228	31	-228	32
0.26387375826016068	-241	27	-241	26
0.40245896205306053	-230	21	-230	20
0.40276539977639914	-233	32	-234	32
0.40946218511089683	-240	30	-240	29
0.40484089311212301	-235	39	-236	39
0.3359371549449861	-237	28	-238	28
0.4136331370100379	-242	28	-242	27
0.41752932080999017	-228	21	-228	20
0.41923429863527417	-234	23	-233	23
0.41923611564561725	-231	27	-231	28
0.41005322057753801	-235	18	-235	19
0.42032231204211712	-229	34	-228	34
0.4260675385594368	-236	18	-237	18
0.43287414126098156	-235	28	-235	27
0.43673403421416879	-229	33	-230	33
0.43932711193338037	-229	37	-229	38
0.4395983787253499	-232	23	-233	23
0.36743820738047361	-229	42	-229	43
0.44176331302151084	-198	30	-199	30
0.44242687569931149	-241	29	-241	28
0.44548948109149933	-196	34	-197	34
0.44589427020400763	-215	28	-215	29
0.44714035047218204	-201	37	-200	37
0.44753352738916874	-235	24	-235	25
0.45076179271563888	-226	23	-227	23
0.29495724523440003	-244	27	-244	28
0.30290209408849478	-247	31	-247	30
0.36039026314392686	-245	27	-246	27
0.45281117036938667	-210	29	-211	29
0.45614962838590145	-246	28	-246	29
0.45631117653101683	-231	26	-232	26
0.45665186690166593	-229	25	-229	24
0.45900906203314662	-229	36	-230	36
0.45937129436060786	-217	23	-218	23
0.2959520760923624	-241	19	-242	19
0.32549190521240234	-245	19	-245	20
