Connectivity for: Job1
1 0
5 0
13 0
25 0
41 0
61 0
85 0
113 0
145 0
181 0
221 0
265 0
313 0
365 0
421 0
481 0
545 0
613 0
685 0
761 0
841 0
923 0
1010 0
1101 0
1195 0
1292 0
1392 0
1494 0
1601 0
1712 0
1822 0
1940 0
2055 0
2177 0
2299 0
2426 0
2553 0
2683 0
2813 0
2946 0
3081 0
3221 0
3363 0
3507 0
3655 0
3802 0
3951 0
4104 0
4259 0
4418 0
4578 0
4738 0
4898 0
5062 0
5231 0
5405 0
5572 0
5733 0
5900 0
6074 0
6252 0
6412 0
6587 0
6757 0
6926 0
7106 0
7273 0
7450 0
7611 0
7792 0
7954 0
8132 0
8300 0
8469 0
8636 0
8808 0
8981 0
9143 0
9313 0
9470 0
9645 0
9832 0
10002 0
10165 0
10341 0
10506 0
10681 0
10840 0
10997 0
11156 0
11327 0
11483 0
11658 0
11799 0
11961 0
12113 0
12269 0
12430 0
12586 0
12717 0
12873 0
13017 0
13158 0
13315 0
13435 0
13561 0
13714 0
13846 0
13962 0
14120 0
14257 0
14381 0
14506 0
14659 0
14768 0
14891 0
15021 0
15172 0
15282 0
15410 0
15543 0
15665 0
15768 0
15890 0
16015 0
16136 0
16262 0
16396 0
16526 0
16671 0
16779 0
16913 0
17066 0
17176 0
17294 0
17449 0
17551 0
17695 0
17800 0
17932 0
18065 0
18201 0
18312 0
18457 0
18579 0
18703 0
18829 0
18957 0
19075 0
19208 0
19350 0
19468 0
19596 0
19716 0
19814 0
19962 0
20094 0
20222 0
20324 0
20479 0
20585 0
20710 0
20837 0
20948 0
21066 0
21184 0
21309 0
21416 0
21550 0
21662 0
21771 0
21910 0
22051 0
22168 0
22305 0
22445 0
22547 0
22679 0
22810 0
22946 0
23064 0
23206 0
23325 0
23471 0
23588 0
23715 0
23841 0
24004 0
24119 0
24234 0
24369 0
24507 0
24627 0
24769 0
24892 0
25042 0
25154 0
25283 0
25390 0
25525 0
25627 0
25767 0
25868 0
25991 0
26122 0
26234 0
26359 0
26496 0
26629 0
26727 0
26867 0
26982 0
27113 0
27233 0
27359 0
27473 0
27592 0
27706 0
27847 0
27968 0
28077 0
28213 0
28335 0
28488 0
28611 0
28732 0
28856 0
28979 0
29103 0
29232 0
29336 0
29467 0
29585 0
29692 0
29812 0
29934 0
30048 0
30179 0
30301 0
30432 0
30538 0
30666 0
30774 0
30906 0
31023 0
31131 0
31260 0
31374 0
31526 0
31636 0
31762 0
31902 0
31996 0
32130 0
32248 0
32363 0
32477 0
32566 0
32724 0
32846 0
32965 0
33079 0
33172 0
33284 0
33409 0
33504 0
33619 0
33734 0
33852 0
33972 0
34123 0
34214 0
34344 0
34446 0
34584 0
34698 0
34820 0
34937 0
35062 0
35166 0
35266 0
35378 0
35497 0
35616 0
35718 0
35832 0
35951 0
36086 0
36198 0
36319 0
36415 0
36559 0
36703 0
36826 0
36934 0
37045 0
37210 0
37323 0
37449 0
37592 0
37685 0
37824 0
37945 0
38071 0
38188 0
38326 0
38449 0
38579 0
38709 0
38860 0
38992 0
39116 0
39241 0
39373 0
39521 0
39642 0
39763 0
39886 0
40030 0
40142 0
40266 0
40377 0
40503 0
40613 0
40733 0
40849 0
40970 0
41092 0
41226 0
41357 0
41470 0
41592 0
41717 0
41850 0
41993 0
42084 0
42229 0
42322 0
42464 0
42575 0
42679 0
42802 0
42933 0
43019 0
43122 0
43258 0
43373 0
43488 0
43597 0
43740 0
43817 0
43964 0
44054 0
44155 0
44261 0
44359 0
44503 0
44630 0
44747 0
44870 0
44996 0
45100 0
45222 0
45346 0
45449 0
45559 0
45717 0
45821 0
45916 0
46056 0
46163 0
46294 0
46405 0
46536 0
46628 0
46754 0
46850 0
46974 0
47097 0
47220 0
47345 0
47463 0
47552 0
47684 0
47775 0
47882 0
48024 0
48116 0
48262 0
48358 0
48477 0
48587 0
48686 0
48798 0
48931 0
49030 0
49156 0
49260 0
49364 0
49482 0
49608 0
49722 0
49843 0
49936 0
50071 0
50191 0
50296 0
50408 0
50538 0
50663 0
50783 0
50912 0
50999 0
51142 0
51278 0
51368 0
51504 0
51599 0
51733 0
51864 0
52000 0
52127 0
52245 0
52392 0
52534 0
52657 0
52820 0
52931 0
53081 0
53203 0
53339 0
53451 0
53594 0
53741 0
53886 0
54025 0
54164 0
54289 0
54475 0
54601 0
54758 0
54885 0
55047 0
55182 0
55340 0
55461 0
55599 0
55732 0
55845 0
55991 0
56122 0
56287 0
56432 0
56549 0
56675 0
56802 0
56943 0
57061 0
57196 0
57318 0
57447 0
57553 0
57703 0
57810 0
57958 0
58085 0
58249 0
58375 0
58494 0
58599 0
58747 0
58839 0
58978 0
59097 0
59212 0
59339 0
59475 0
59572 0
59726 0
59834 0
59934 0
60043 0
60188 0
60276 0
60414 0
60518 0
60640 0
60757 0
60874 0
60992 0
61110 0
61255 0
61372 0
61468 0
61620 0
61726 0
61876 0
62000 0
62110 0
62224 0
62347 0
62484 0
62620 0
62766 0
62907 0
63040 0
63165 0
63273 0
63411 0
63546 0
63666 0
63799 0
63934 0
64037 0
64165 0
64317 0
64447 0
64550 0
64674 0
64810 0
64937 0
65029 0
65155 0
65263 0
65392 0
65508 0
65634 0
65757 0
65851 0
65978 0
66101 0
66201 0
66375 0
66464 0
66591 0
66714 0
66843 0
66969 0
67107 0
67222 0
67362 0
67438 0
67597 0
67726 0
67835 0
67958 0
68089 0
68206 0
68302 0
68428 0
68555 0
68679 0
68757 0
68885 0
69011 0
69120 0
69226 0
69341 0
69466 0
69634 0
69738 0
69878 0
69961 0
70098 0
70165 0
70276 0
70389 0
70513 0
70656 0
70760 0
70880 0
71012 0
71105 0
71194 0
71322 0
71454 0
71583 0
71693 0
71772 0
71867 0
72012 0
72116 0
72235 0
72377 0
72472 0
72573 0
72707 0
72834 0
72944 0
73063 0
73166 0
73265 0
73382 0
73522 0
73624 0
73718 0
73864 0
73971 0
74075 0
74218 0
74308 0
74428 0
74528 0
74639 0
74774 0
74866 0
74996 0
75088 0
75217 0
75337 0
75420 0
75533 0
75651 0
75749 0
75872 0
76013 0
76148 0
76271 0
76391 0
76506 0
76636 0
76758 0
76883 0
77006 0
77124 0
77259 0
77351 0
77485 0
77601 0
77738 0
77871 0
78008 0
78110 0
78250 0
78363 0
78510 0
78626 0
78777 0
78880 0
79013 0
79138 0
79273 0
79386 0
79503 0
79633 0
79724 0
79865 0
79977 0
80108 0
80247 0
80368 0
80515 0
80602 0
80738 0
80848 0
80981 0
81097 0
81223 0
81357 0
81459 0
81568 0
81698 0
81796 0
81894 0
82016 0
82128 0
82240 0
82364 0
82434 0
82563 0
82673 0
82792 0
82913 0
83015 0
83121 0
83245 0
83371 0
83455 0
83586 0
83701 0
83807 0
83900 0
83992 0
84087 0
84213 0
84315 0
84417 0
84544 0
84630 0
84772 0
84841 0
84972 0
85091 0
85201 0
85341 0
85487 0
85615 0
85717 0
85814 0
85927 0
86064 0
86175 0
86289 0
86429 0
86540 0
86682 0
86776 0
86914 0
87023 0
87163 0
87276 0
87397 0
87534 0
87678 0
87818 0
87959 0
88125 0
88238 0
88417 0
88539 0
88694 0
88819 0
88986 0
89117 0
89265 0
89440 0
89562 0
89686 0
89877 0
89994 0
90169 0
90297 0
90457 0
90600 0
90737 0
90910 0
91041 0
91186 0
91344 0
91471 0
91636 0
91787 0
91936 0
92056 0
92203 0
92329 0
92464 0
92584 0
92693 0
92839 0
92962 0
93083 0
93190 0
93310 0
93418 0
93562 0
93667 0
93834 0
93929 0
94039 0
94171 0
94270 0
94380 0
94491 0
94576 0
94699 0
94803 0
94920 0
95029 0
95128 0
95270 0
95377 0
95527 0
95625 0
95771 0
95869 0
95991 0
96089 0
96226 0
96304 0
96458 0
96575 0
96687 0
96839 0
96902 0
97049 0
97190 0
97300 0
97423 0
97567 0
97674 0
97788 0
97919 0
98050 0
98162 0
98301 0
98398 0
98533 0
98646 0
98748 0
98875 0
98992 0
99108 0
99224 0
99358 0
99471 0
99599 0
99704 0
99820 0
99957 0
100048 0
100214 0
100312 0
100469 0
100583 0
100708 0
100827 0
100974 0
101091 0
101258 0
101347 0
101482 0
101594 0
101757 0
101859 0
102005 0
102117 0
102239 0
102395 0
102496 0
102651 0
102755 0
102886 0
102987 0
103107 0
103222 0
103357 0
103468 0
103609 0
103721 0
103832 0
103981 0
104099 0
104241 0
104358 0
104495 0
104633 0
104762 0
104875 0
105021 0
105134 0
105283 0
105405 0
105544 0
105645 0
105776 0
105897 0
106011 0
106143 0
106267 0
106395 0
106487 0
106588 0
106720 0
106797 0
106927 0
106999 0
107130 0
107222 0
107328 0
107413 0
107515 0
107612 0
107749 0
107835 0
107953 0
108068 0
108191 0
108331 0
108440 0
108589 0
108682 0
108800 0
108900 0
108995 0
109122 0
109239 0
109352 0
109463 0
109580 0
109674 0
109798 0
109894 0
110024 0
110117 0
110244 0
110357 0
110453 0
110553 0
110698 0
110784 0
110950 0
111035 0
111161 0
111286 0
111401 0
111534 0
111629 0
111741 0
111860 0
111972 0
112105 0
112201 0
112355 0
112448 0
112555 0
112689 0
112794 0
112939 0
113056 0
113174 0
113295 0
113433 0
113546 0
113703 0
113845 0
113954 0
114097 0
114196 0
114333 0
114462 0
114580 0
114675 0
114762 0
114888 0
114972 0
115086 0
115227 0
115376 0
115487 0
115599 0
115707 0
115825 0
115938 0
116056 0
116190 0
116296 0
116414 0
116536 0
116665 0
116770 0
116885 0
116987 0
117089 0
117240 0
117320 0
117433 0
117519 0
117637 0
117733 0
117814 0
117966 0
118060 0
118154 0
118263 0
118377 0
118505 0
118626 0
118755 0
118842 0
118961 0
119081 0
119183 0
119303 0
119425 0
119599 0
119677 0
119783 0
119894 0
119998 0
120112 0
120196 0
120330 0
120437 0
120581 0
120687 0
120777 0
120908 0
121025 0
121122 0
121216 0
121338 0
121462 0
121593 0
121698 0
121797 0
121918 0
122003 0
122170 0
122275 0
122398 0
122477 0
122595 0
122696 0
122826 0
122936 0
123035 0
123141 0
123248 0
123337 0
123449 0
123583 0
123683 0
123785 0
123890 0
123980 0
124114 0
124235 0
124346 0
124452 0
124598 0
124742 0
124823 0
124996 0
125088 0
125244 0
125389 0
125512 0
125636 0
125757 0
125877 0
126005 0
126145 0
126276 0
126376 0
126559 0
126668 0
126827 0
126952 0
127102 0
127228 0
127358 0
127475 0
127592 0
127732 0
127857 0
128004 0
128154 0
128315 0
128441 0
128575 0
128723 0
128855 0
129023 0
129139 0
129318 0
129411 0
129544 0
129678 0
129778 0
129881 0
130022 0
130167 0
130255 0
130395 0
130536 0
130708 0
130821 0
130929 0
131055 0
131197 0
131367 0
131466 0
131624 0
131752 0
131879 0
131995 0
132156 0
132260 0
132381 0
132517 0
132619 0
132767 0
132857 0
133002 0
133075 0
133204 0
133306 0
133428 0
133518 0
133646 0
133755 0
133835 0
133956 0
134060 0
134184 0
134278 0
134413 0
134577 0
134683 0
134796 0
134924 0
135073 0
135187 0
135315 0
135455 0
135577 0
135668 0
135808 0
135902 0
136053 0
136118 0
136217 0
136340 0
136435 0
136570 0
136697 0
136815 0
136901 0
137026 0
137124 0
137251 0
137373 0
137456 0
137552 0
137656 0
137786 0
137895 0
137989 0
138069 0
138210 0
138285 0
138402 0
138506 0
138638 0
138727 0
138814 0
138936 0
139047 0
139193 0
139309 0
139429 0
139533 0
139655 0
139766 0
139903 0
140007 0
140111 0
140205 0
140320 0
140459 0
140567 0
140653 0
140762 0
140878 0
141007 0
141113 0
141231 0
141359 0
141471 0
141569 0
141687 0
141795 0
141877 0
142006 0
142101 0
142207 0
142286 0
142410 0
142486 0
142617 0
142722 0
142846 0
142936 0
143054 0
143108 0
143221 0
143342 0
143432 0
143565 0
143675 0
143774 0
143884 0
144008 0
144084 0
144202 0
144316 0
144459 0
144567 0
144715 0
144805 0
144937 0
145049 0
145201 0
145314 0
145454 0
145558 0
145673 0
145830 0
145938 0
146062 0
146194 0
146330 0
146484 0
146594 0
146747 0
146829 0
146984 0
147089 0
147204 0
147335 0
147458 0
147599 0
147693 0
147848 0
147960 0
148119 0
148205 0
148335 0
148452 0
148561 0
148667 0
148785 0
148906 0
148995 0
149134 0
149242 0
149402 0
149500 0
149645 0
149763 0
149916 0
150020 0
150150 0
150283 0
150392 0
150524 0
150631 0
150755 0
150889 0
151006 0
151147 0
151266 0
151400 0
151522 0
151652 0
151774 0
151881 0
152023 0
152138 0
152268 0
152373 0
152488 0
152604 0
152722 0
152852 0
152977 0
153114 0
153224 0
153398 0
153481 0
153625 0
153745 0
153885 0
153998 0
154147 0
154274 0
154396 0
154555 0
154687 0
154839 0
154970 0
155134 0
155238 0
155367 0
155519 0
155663 0
155801 0
155925 0
156078 0
156191 0
156354 0
156477 0
156626 0
156732 0
156880 0
156982 0
157123 0
157248 0
157391 0
157509 0
157646 0
157767 0
157886 0
158018 0
158167 0
158309 0
158448 0
158559 0
158756 0
158878 0
159066 0
159192 0
159365 0
159495 0
159687 0
159841 0
160015 0
160170 0
160334 0
160496 0
160648 0
160816 0
160980 0
161126 0
161303 0
161460 0
161640 0
161819 0
161982 0
162144 0
162296 0
162482 0
162639 0
162785 0
162965 0
163116 0
163301 0
163441 0
163619 0
163761 0
163915 0
164070 0
164246 0
164383 0
164550 0
164690 0
164869 0
165000 0
165157 0
165295 0
165436 0
165575 0
165722 0
165837 0
165978 0
166080 0
166219 0
166318 0
166508 0
166605 0
166755 0
166869 0
167015 0
167099 0
167216 0
167356 0
167475 0
167563 0
167704 0
167835 0
167914 0
168013 0
168116 0
168269 0
168360 0
168472 0
168591 0
168714 0
168854 0
168963 0
169096 0
169233 0
169352 0
169486 0
169600 0
169733 0
169846 0
169988 0
170124 0
170272 0
170375 0
170496 0
170637 0
170752 0
170855 0
170999 0
171113 0
171248 0
171339 0
171438 0
171569 0
171689 0
171815 0
171955 0
172039 0
172166 0
172263 0
172375 0
172498 0
172643 0
172743 0
172888 0
172942 0
173077 0
173171 0
173305 0
173422 0
173529 0
173656 0
173738 0
173889 0
173985 0
174135 0
174271 0
174380 0
174475 0
174581 0
174670 0
174809 0
174917 0
175030 0
175177 0
175272 0
175380 0
175475 0
175589 0
175716 0
175860 0
175957 0
176102 0
176266 0
176394 0
176499 0
176658 0
176791 0
176937 0
177058 0
177185 0
177301 0
177433 0
177519 0
177678 0
177788 0
177904 0
178022 0
178151 0
178303 0
178434 0
178541 0
178670 0
178778 0
178913 0
179024 0
179144 0
179269 0
179376 0
179486 0
179638 0
179739 0
179851 0
179951 0
180039 0
180149 0
180262 0
180389 0
180511 0
180624 0
180713 0
180842 0
180919 0
181033 0
181113 0
181237 0
181359 0
181480 0
181569 0
181699 0
181810 0
181940 0
182065 0
182186 0
182320 0
182442 0
182542 0
182680 0
182755 0
182883 0
182994 0
183128 0
183210 0
183358 0
183447 0
183562 0
183656 0
183775 0
183906 0
184008 0
184147 0
184236 0
184358 0
184475 0
184615 0
184722 0
184841 0
184985 0
185117 0
185210 0
185338 0
185455 0
185550 0
185680 0
185809 0
185953 0
186049 0
186199 0
186298 0
186468 0
186596 0
186690 0
186816 0
186934 0
187070 0
187227 0
187361 0
187475 0
187585 0
187718 0
187866 0
188002 0
188114 0
188243 0
188368 0
188470 0
188634 0
188765 0
188856 0
189003 0
189132 0
189227 0
189367 0
189487 0
189617 0
189735 0
189836 0
189949 0
190055 0
190174 0
190243 0
190408 0
190528 0
190647 0
190754 0
190885 0
191006 0
191119 0
191273 0
191406 0
191563 0
191730 0
191895 0
192037 0
192205 0
192352 0
192544 0
192699 0
192877 0
193008 0
193174 0
193359 0
193513 0
193683 0
193812 0
193999 0
194120 0
194265 0
194421 0
194564 0
194715 0
194867 0
195020 0
195151 0
195249 0
195384 0
195493 0
195644 0
195741 0
195921 0
196019 0
196191 0
196290 0
196458 0
196566 0
196744 0
196881 0
197016 0
197131 0
197299 0
197456 0
197608 0
197744 0
197878 0
198039 0
198164 0
198332 0
198483 0
198628 0
198798 0
198911 0
199075 0
199209 0
199352 0
199483 0
199654 0
199786 0
199931 0
200064 0
200193 0
200360 0
200485 0
200696 0
200810 0
200961 0
201083 0
201237 0
201326 0
201527 0
201641 0
201783 0
201929 0
202075 0
202219 0
202352 0
202528 0
202690 0
202800 0
202952 0
203117 0
203263 0
203427 0
203571 0
203686 0
203843 0
203987 0
204132 0
204258 0
204454 0
204589 0
204739 0
204908 0
205028 0
205189 0
205371 0
205504 0
205640 0
205792 0
205971 0
206124 0
206303 0
206418 0
206574 0
206733 0
206913 0
207023 0
207188 0
207295 0
207459 0
207593 0
207738 0
207865 0
208004 0
208126 0
208323 0
208459 0
208592 0
208724 0
208876 0
208978 0
209109 0
209219 0
209398 0
209474 0
209660 0
209726 0
209888 0
210005 0
210128 0
210219 0
210367 0
210503 0
210615 0
210782 0
210878 0
211025 0
211118 0
211273 0
211373 0
211500 0
211662 0
211773 0
211930 0
212071 0
212191 0
212304 0
212471 0
212592 0
212738 0
212854 0
213013 0
213157 0
213281 0
213444 0
213572 0
213720 0
213855 0
213984 0
214101 0
214285 0
214391 0
214508 0
214632 0
214780 0
214908 0
215006 0
215172 0
215313 0
215434 0
215545 0
215716 0
215845 0
215962 0
216115 0
216254 0
216393 0
216510 0
216653 0
216759 0
216899 0
217017 0
217152 0
217257 0
217362 0
217484 0
217603 0
217707 0
217834 0
217945 0
218079 0
218205 0
218330 0
218453 0
218552 0
218659 0
218811 0
218914 0
219014 0
219137 0
219247 0
219375 0
219498 0
219610 0
219725 0
219835 0
219943 0
220069 0
220155 0
220263 0
220356 0
220485 0
220562 0
220737 0
220818 0
220989 0
221056 0
221178 0
221278 0
221381 0
221500 0
221628 0
221718 0
221845 0
221920 0
221999 0
222188 0
222268 0
222359 0
222482 0
222606 0
222692 0
222815 0
222948 0
223048 0
223194 0
223308 0
223458 0
223552 0
223705 0
223831 0
223937 0
224053 0
224180 0
224292 0
224422 0
224569 0
224679 0
224794 0
224905 0
225025 0
225125 0
225272 0
225386 0
225524 0
225689 0
225714 0
225865 0
225983 0
226127 0
226257 0
226363 0
226501 0
226627 0
226738 0
226876 0
227023 0
227132 0
227264 0
227419 0
227544 0
227677 0
227827 0
227955 0
228075 0
228218 0
228325 0
228488 0
228591 0
228749 0
228840 0
228970 0
229112 0
229240 0
229367 0
229490 0
229640 0
229748 0
229890 0
230050 0
230233 0
230350 0
230478 0
230612 0
230770 0
230898 0
231026 0
231123 0
231272 0
231415 0
231529 0
231629 0
231767 0
231872 0
232025 0
232124 0
232275 0
232387 0
232536 0
232671 0
232801 0
232935 0
233110 0
233274 0
233384 0
233557 0
233680 0
233838 0
233970 0
234134 0
234277 0
234423 0
234534 0
234631 0
234759 0
234901 0
235042 0
235164 0
235290 0
235424 0
235561 0
235675 0
235865 0
235993 0
236138 0
236244 0
236373 0
236499 0
236644 0
236776 0
236916 0
237036 0
237133 0
237256 0
237364 0
237521 0
237605 0
237741 0
237861 0
237984 0
238128 0
238242 0
238363 0
238457 0
238557 0
238678 0
238796 0
238914 0
239019 0
239187 0
239262 0
239425 0
239486 0
239658 0
239705 0
239888 0
239966 0
240125 0
240222 0
240382 0
240484 0
240624 0
240725 0
240837 0
240989 0
241071 0
241202 0
241305 0
241428 0
241530 0
241642 0
241762 0
241887 0
242024 0
242154 0
242306 0
242457 0
242590 0
242706 0
242845 0
242963 0
243078 0
243191 0
243330 0
243425 0
243592 0
243721 0
243835 0
243984 0
244108 0
244217 0
244378 0
244532 0
244627 0
244787 0
244908 0
245046 0
245177 0
245313 0
245464 0
245596 0
245733 0
245845 0
246001 0
246132 0
246247 0
246408 0
246528 0
246654 0
246809 0
246939 0
247054 0
247181 0
247272 0
247420 0
247505 0
247654 0
247759 0
247881 0
248017 0
248130 0
248288 0
248385 0
248542 0
248668 0
248806 0
248912 0
249057 0
249176 0
249304 0
249434 0
249527 0
249671 0
249812 0
249965 0
250095 0
250247 0
250352 0
250488 0
250595 0
250725 0
250857 0
250958 0
251081 0
251198 0
251329 0
251447 0
251534 0
251640 0
251745 0
251894 0
252000 0
252117 0
252227 0
252382 0
252460 0
252621 0
252714 0
252867 0
252967 0
253077 0
253214 0
253328 0
253453 0
253597 0
253759 0
253885 0
254026 0
254121 0
254303 0
254404 0
254569 0
254691 0
254821 0
254965 0
255125 0
255236 0
255370 0
255508 0
255674 0
255771 0
255936 0
256067 0
256189 0
256380 0
256488 0
256678 0
256786 0
256960 0
257092 0
257234 0
257353 0
257489 0
257650 0
257743 0
257916 0
258034 0
258174 0
258298 0
258437 0
258578 0
258663 0
258820 0
258929 0
259061 0
259149 0
259281 0
259403 0
259498 0
259618 0
259753 0
259886 0
260007 0
260146 0
260246 0
260421 0
260534 0
260700 0
260824 0
260971 0
261056 0
261230 0
261368 0
261570 0
261715 0
261845 0
261990 0
262130 0
262286 0
262419 0
262572 0
262751 0
262881 0
263057 0
263154 0
263347 0
263466 0
263633 0
263759 0
263915 0
264028 0
264166 0
264280 0
264429 0
264495 0
264642 0
264742 0
264832 0
265005 0
265105 0
265292 0
265368 0
265507 0
265627 0
265767 0
265845 0
265986 0
266110 0
266189 0
266325 0
266428 0
266583 0
266658 0
266826 0
266902 0
267028 0
267131 0
267285 0
267410 0
267527 0
267646 0
267756 0
267907 0
267985 0
268130 0
268262 0
268382 0
268505 0
268668 0
268757 0
268873 0
269017 0
269171 0
269296 0
269367 0
269539 0
269664 0
269807 0
269946 0
270044 0
270208 0
270310 0
270468 0
270574 0
270721 0
270821 0
270987 0
271064 0
271256 0
271345 0
271524 0
271604 0
271739 0
271827 0
271992 0
272113 0
272207 0
272333 0
272487 0
272589 0
272744 0
272839 0
273011 0
273121 0
273302 0
273386 0
273536 0
273656 0
273793 0
273906 0
274021 0
274115 0
274278 0
274337 0
274523 0
274608 0
274748 0
274853 0
274974 0
275086 0
275178 0
275342 0
275397 0
275558 0
275613 0
275785 0
275848 0
276001 0
276139 0
276246 0
276322 0
276435 0
276536 0
276657 0
276774 0
276857 0
277006 0
277084 0
277210 0
277350 0
277472 0
277569 0
277709 0
277811 0
277957 0
278084 0
278232 0
278352 0
278463 0
278602 0
278682 0
278814 0
278889 0
279044 0
279141 0
279295 0
279367 0
279462 0
279578 0
279657 0
279783 0
279871 0
280022 0
280112 0
280222 0
280287 0
280409 0
280510 0
280622 0
280762 0
280837 0
280980 0
281049 0
281192 0
281321 0
281452 0
281553 0
281656 0
281752 0
281880 0
281977 0
282088 0
282234 0
282341 0
282486 0
282572 0
282682 0
282806 0
282908 0
283011 0
283097 0
283209 0
283321 0
283450 0
283566 0
283723 0
283748 0
283886 0
283991 0
284142 0
284216 0
284346 0
284441 0
284594 0
284700 0
284812 0
284922 0
285003 0
285068 0
285185 0
285275 0
285369 0
285509 0
285613 0
285723 0
285848 0
285962 0
286108 0
286240 0
286365 0
286428 0
286576 0
286689 0
286795 0
286919 0
287043 0
287126 0
287222 0
287357 0
287455 0
287582 0
287673 0
287788 0
287886 0
288021 0
288126 0
288269 0
288361 0
288513 0
288630 0
288728 0
288806 0
288972 0
289071 0
289207 0
289307 0
289427 0
289542 0
289618 0
289738 0
289822 0
289985 0
290062 0
290210 0
290329 0
290441 0
290553 0
290645 0
290774 0
290881 0
291014 0
291127 0
291261 0
291382 0
291504 0
291601 0
291726 0
291833 0
291956 0
292046 0
292159 0
292297 0
292414 0
292574 0
292675 0
292811 0
292953 0
293112 0
293249 0
293399 0
293509 0
293691 0
293813 0
293944 0
294094 0
294216 0
294370 0
294483 0
294636 0
294764 0
294905 0
295073 0
295212 0
295338 0
295501 0
295627 0
295804 0
295967 0
296078 0
296275 0
296392 0
296551 0
296671 0
296849 0
296989 0
297091 0
297242 0
297371 0
297529 0
297661 0
297846 0
297928 0
298117 0
298201 0
298338 0
298504 0
298636 0
298753 0
298925 0
299107 0
299216 0
299400 0
299534 0
299694 0
299803 0
299982 0
300106 0
300265 0
300379 0
300556 0
300666 0
300854 0
301029 0
301212 0
301351 0
301541 0
301664 0
301820 0
302038 0
302185 0
302340 0
302500 0
302649 0
302829 0
302993 0
303219 0
303300 0
303505 0
303627 0
303844 0
303986 0
304151 0
304293 0
304472 0
304633 0
304763 0
304938 0
305093 0
305239 0
305368 0
305507 0
305686 0
305869 0
306028 0
306189 0
306367 0
306508 0
306634 0
306841 0
306983 0
307135 0
307271 0
307436 0
307590 0
307736 0
307886 0
307986 0
308143 0
308271 0
308443 0
308525 0
308693 0
308804 0
308968 0
309097 0
309252 0
309366 0
309530 0
309678 0
309799 0
309941 0
310093 0
310196 0
310375 0
310434 0
310616 0
310719 0
310897 0
310953 0
311118 0
311220 0
311352 0
311472 0
311620 0
311748 0
311874 0
311995 0
312135 0
312269 0
312392 0
312532 0
312640 0
312790 0
312908 0
313044 0
313151 0
313279 0
313426 0
313515 0
313680 0
313798 0
313960 0
314055 0
314255 0
314366 0
314549 0
314616 0
314768 0
314865 0
315009 0
315135 0
315322 0
315448 0
315558 0
315714 0
315840 0
315998 0
316097 0
316245 0
316374 0
316517 0
316614 0
316759 0
316883 0
317019 0
317130 0
317264 0
317402 0
317467 0
317617 0
317698 0
317821 0
317912 0
318085 0
318123 0
318296 0
318439 0
318536 0
318639 0
318803 0
318925 0
319054 0
319175 0
319291 0
319421 0
319537 0
319680 0
319766 0
319908 0
320046 0
320143 0
320286 0
320379 0
320499 0
320588 0
320729 0
320795 0
320920 0
321035 0
321184 0
321322 0
321432 0
321565 0
321690 0
321828 0
321918 0
322094 0
322182 0
322334 0
322433 0
322554 0
322686 0
322771 0
322927 0
323052 0
323206 0
323317 0
323419 0
323553 0
323679 0
323811 0
323927 0
324085 0
324206 0
324318 0
324479 0
324620 0
324708 0
324842 0
324969 0
325061 0
325174 0
325303 0
325414 0
325556 0
325675 0
325771 0
325916 0
326035 0
326135 0
326299 0
326377 0
326512 0
326650 0
326755 0
326899 0
327000 0
327116 0
327208 0
327317 0
327453 0
327567 0
327684 0
327794 0
327911 0
328002 0
328125 0
328237 0
328356 0
328455 0
328570 0
328676 0
328816 0
328926 0
329066 0
329174 0
329314 0
329432 0
329563 0
329711 0
329840 0
329955 0
330055 0
330177 0
330290 0
330400 0
330503 0
330635 0
330789 0
330911 0
331017 0
331151 0
331279 0
331366 0
331509 0
331621 0
331751 0
331851 0
332000 0
332146 0
332237 0
332364 0
332489 0
332603 0
332721 0
332854 0
332931 0
333080 0
333229 0
333354 0
333455 0
333620 0
333741 0
333842 0
334021 0
334119 0
334236 0
334323 0
334487 0
334616 0
334739 0
334846 0
334984 0
335120 0
335296 0
335387 0
335539 0
335669 0
335764 0
335896 0
335979 0
336144 0
336219 0
336363 0
336458 0
336600 0
336651 0
336820 0
336917 0
337064 0
337205 0
337326 0
337469 0
337587 0
337723 0
337861 0
337974 0
338077 0
338245 0
338343 0
338493 0
338623 0
338764 0
338885 0
339052 0
339144 0
339311 0
339459 0
339611 0
339749 0
339897 0
340020 0
340185 0
340352 0
340462 0
340612 0
340731 0
340870 0
340995 0
341172 0
341302 0
341460 0
341601 0
341743 0
341936 0
342009 0
342189 0
342281 0
342446 0
342517 0
342687 0
342819 0
342970 0
343094 0
343211 0
343372 0
343500 0
343646 0
343775 0
343926 0
344054 0
344188 0
344351 0
344481 0
344649 0
344757 0
344908 0
345088 0
345195 0
345367 0
345510 0
345607 0
345794 0
345886 0
346074 0
346160 0
346321 0
346457 0
346579 0
346687 0
346864 0
346981 0
347138 0
347235 0
347375 0
347512 0
347642 0
347783 0
347912 0
348030 0
348215 0
348330 0
348468 0
348632 0
348768 0
348892 0
348990 0
349145 0
349281 0
349419 0
349585 0
349681 0
349869 0
349974 0
350135 0
350247 0
350382 0
350523 0
350621 0
350785 0
350921 0
351071 0
351157 0
351325 0
351437 0
351622 0
351723 0
351913 0
352031 0
352231 0
352331 0
352510 0
352611 0
352806 0
352899 0
353034 0
353150 0
353295 0
353476 0
353601 0
353752 0
353887 0
354031 0
354137 0
354314 0
354375 0
354552 0
354640 0
354796 0
354935 0
355049 0
355171 0
355339 0
355520 0
355671 0
355809 0
355967 0
356089 0
356198 0
356312 0
356461 0
356600 0
356729 0
356838 0
356988 0
357113 0
357222 0
357356 0
357441 0
357584 0
357637 0
357739 0
357842 0
357947 0
358028 0
358189 0
358268 0
358403 0
358498 0
358638 0
358744 0
358855 0
358977 0
359125 0
359244 0
359338 0
359446 0
359572 0
359681 0
359813 0
359940 0
360039 0
360188 0
360306 0
360444 0
360562 0
360712 0
360848 0
360981 0
361092 0
361234 0
361371 0
361506 0
361658 0
361756 0
361877 0
361960 0
362098 0
362211 0
362342 0
362445 0
362562 0
362700 0
362783 0
362913 0
363032 0
363135 0
363256 0
363389 0
363491 0
363595 0
363670 0
363799 0
363882 0
364006 0
364117 0
364238 0
364337 0
364429 0
364555 0
364689 0
364786 0
364885 0
365005 0
365115 0
365224 0
365334 0
365439 0
365544 0
365664 0
365765 0
365891 0
365941 0
366104 0
366213 0
366302 0
366414 0
366523 0
366615 0
366749 0
366844 0
366920 0
367036 0
367113 0
367229 0
367334 0
367424 0
367555 0
367636 0
367735 0
367849 0
367991 0
368054 0
368205 0
368309 0
368407 0
368526 0
368652 0
368744 0
368861 0
368945 0
369029 0
369158 0
369273 0
369358 0
369466 0
369553 0
369666 0
369780 0
369876 0
369983 0
370101 0
370209 0
370287 0
370399 0
370473 0
370588 0
370666 0
370731 0
370855 0
370919 0
371041 0
371142 0
371263 0
371375 0
371472 0
371635 0
371751 0
371865 0
371954 0
372082 0
372213 0
372295 0
372391 0
372501 0
372631 0
372757 0
372852 0
372965 0
373088 0
373166 0
373326 0
373413 0
373555 0
373640 0
373778 0
373881 0
374044 0
374136 0
374288 0
374402 0
374535 0
374630 0
374789 0
374927 0
375046 0
375137 0
375264 0
375415 0
375506 0
375666 0
375803 0
375948 0
376070 0
376179 0
376315 0
376419 0
376576 0
376704 0
376857 0
376967 0
377127 0
377226 0
377351 0
377455 0
377623 0
377710 0
377831 0
377942 0
378076 0
378143 0
378308 0
378399 0
378514 0
378642 0
378710 0
378852 0
379015 0
379125 0
379221 0
379355 0
379461 0
379562 0
379699 0
379837 0
379963 0
380071 0
380199 0
380290 0
380439 0
380541 0
380635 0
380748 0
380878 0
381009 0
381135 0
381309 0
381407 0
381537 0
381646 0
381787 0
381869 0
382060 0
382157 0
382328 0
382437 0
382595 0
382688 0
382818 0
382959 0
383076 0
383248 0
383365 0
383497 0
383615 0
383779 0
383894 0
384077 0
384157 0
384294 0
384451 0
384560 0
384746 0
384891 0
385018 0
385155 0
385337 0
385452 0
385622 0
385755 0
385925 0
386076 0
386248 0
386351 0
386516 0
386640 0
386778 0
386932 0
387062 0
387197 0
387388 0
387518 0
387698 0
387902 0
388088 0
388209 0
388349 0
388520 0
388672 0
388825 0
388971 0
389152 0
389285 0
389457 0
389651 0
389815 0
389972 0
390145 0
390291 0
390439 0
390602 0
390729 0
390921 0
391058 0
391204 0
391294 0
391521 0
391647 0
391796 0
391930 0
392094 0
392185 0
392350 0
392426 0
392632 0
392743 0
392932 0
393088 0
393236 0
393370 0
393582 0
393704 0
393880 0
394008 0
394191 0
394333 0
394490 0
394615 0
394794 0
394943 0
395129 0
395253 0
395444 0
395576 0
395735 0
395890 0
396047 0
396193 0
396357 0
396508 0
396684 0
396841 0
396960 0
397112 0
397273 0
397436 0
397592 0
397793 0
397940 0
398130 0
398262 0
398461 0
398575 0
398761 0
398904 0
399045 0
399181 0
399313 0
399470 0
399630 0
399760 0
399900 0
400039 0
400167 0
400288 0
400413 0
400541 0
400687 0
400813 0
400934 0
401014 0
401128 0
401230 0
401360 0
401478 0
401596 0
401729 0
401877 0
401994 0
402120 0
402210 0
402334 0
402487 0
402593 0
402709 0
402829 0
402952 0
403069 0
403218 0
403350 0
403455 0
403607 0
403709 0
403832 0
403987 0
404089 0
404209 0
404323 0
404481 0
404630 0
404731 0
404864 0
404982 0
405125 0
405220 0
405377 0
405455 0
405621 0
405734 0
405894 0
406015 0
406159 0
406286 0
406457 0
406572 0
406745 0
406873 0
407036 0
407145 0
407303 0
407472 0
407608 0
407777 0
407951 0
408081 0
408215 0
408388 0
408511 0
408631 0
408819 0
408925 0
409098 0
409222 0
409343 0
409487 0
409604 0
409738 0
409854 0
410004 0
410112 0
410258 0
410346 0
410519 0
410593 0
410744 0
410848 0
411004 0
411136 0
411269 0
411397 0
411515 0
411660 0
411789 0
411930 0
412048 0
412186 0
412346 0
412466 0
412597 0
412740 0
412859 0
412982 0
413120 0
413233 0
413389 0
413516 0
413690 0
413785 0
413964 0
414098 0
414302 0
414384 0
414579 0
414715 0
414900 0
415015 0
415170 0
415309 0
415474 0
415631 0
415793 0
415905 0
416045 0
416193 0
416353 0
416495 0
416660 0
416836 0
417004 0
417156 0
417296 0
417477 0
417605 0
417757 0
417918 0
418017 0
418171 0
418313 0
418486 0
418591 0
418770 0
418894 0
419087 0
419193 0
419373 0
419492 0
419600 0
419739 0
419878 0
420025 0
420121 0
420262 0
420460 0
420557 0
420666 0
420831 0
420917 0
421051 0
421180 0
421303 0
421425 0
421531 0
421650 0
421722 0
421830 0
421930 0
422069 0
422179 0
422266 0
422409 0
422539 0
422627 0
422757 0
422884 0
423020 0
423150 0
423297 0
423420 0
423548 0
423658 0
423778 0
423891 0
424033 0
424175 0
424320 0
424425 0
424545 0
424718 0
424809 0
424934 0
425059 0
425247 0
425352 0
425495 0
425627 0
425762 0
425911 0
426015 0
426134 0
426213 0
426352 0
426466 0
426619 0
426732 0
426874 0
426999 0
427121 0
427265 0
427358 0
427514 0
427575 0
427752 0
427873 0
428006 0
428072 0
428173 0
428336 0
428417 0
428556 0
428671 0
428792 0
428913 0
429030 0
429152 0
429241 0
429373 0
429479 0
429611 0
429719 0
429857 0
430001 0
430093 0
430201 0
430320 0
430450 0
430576 0
430707 0
430814 0
430960 0
431085 0
431209 0
431295 0
431437 0
431509 0
431632 0
431757 0
431883 0
432006 0
432130 0
432236 0
432378 0
432508 0
432638 0
432752 0
432868 0
433014 0
433122 0
433222 0
433358 0
433488 0
433615 0
433690 0
433799 0
433889 0
434010 0
434108 0
434211 0
434296 0
434429 0
434536 0
434687 0
434744 0
434890 0
434929 0
435108 0
435185 0
435326 0
435428 0
435566 0
435683 0
435825 0
435922 0
436033 0
436148 0
436283 0
436400 0
436520 0
436668 0
436775 0
436864 0
437034 0
437127 0
437247 0
437382 0
437516 0
437597 0
437708 0
437816 0
437920 0
438052 0
438202 0
438307 0
438426 0
438517 0
438675 0
438759 0
438898 0
439025 0
439176 0
439319 0
439460 0
439571 0
439728 0
439841 0
439957 0
440062 0
440203 0
440328 0
440429 0
440574 0
440698 0
440843 0
440973 0
441125 0
441201 0
441369 0
441477 0
441593 0
441702 0
441822 0
441945 0
442086 0
442232 0
442364 0
442491 0
442618 0
442763 0
442866 0
442992 0
443126 0
443292 0
443426 0
443549 0
443692 0
443804 0
443975 0
444106 0
444220 0
444323 0
444464 0
444600 0
444695 0
444843 0
444944 0
445086 0
445214 0
445343 0
445455 0
445653 0
445754 0
445909 0
446029 0
446173 0
446324 0
446457 0
446540 0
446708 0
446819 0
446938 0
447059 0
447158 0
447291 0
447420 0
447510 0
447656 0
447852 0
447938 0
448067 0
448208 0
448339 0
448480 0
448613 0
448742 0
448876 0
449063 0
449166 0
449305 0
449432 0
449616 0
449759 0
449931 0
450022 0
450158 0
450292 0
450485 0
450644 0
450795 0
450918 0
451047 0
451173 0
451307 0
451440 0
451581 0
451696 0
451836 0
451936 0
452098 0
452219 0
452343 0
452473 0
452593 0
452718 0
452831 0
452940 0
453094 0
453218 0
453317 0
453471 0
453607 0
453725 0
453821 0
453957 0
454084 0
454236 0
454376 0
454495 0
454643 0
454764 0
454868 0
454998 0
455069 0
455233 0
455347 0
455463 0
455591 0
455709 0
455817 0
455954 0
456059 0
456197 0
456309 0
456423 0
456545 0
456647 0
456773 0
456939 0
457065 0
457158 0
457302 0
457420 0
457521 0
457653 0
457811 0
457961 0
458085 0
458227 0
458388 0
458508 0
458656 0
458833 0
458980 0
459168 0
459291 0
459457 0
459579 0
459756 0
459880 0
460032 0
460161 0
460336 0
460451 0
460630 0
460750 0
460923 0
461053 0
461225 0
461342 0
461473 0
461636 0
461737 0
461907 0
462032 0
462186 0
462316 0
462492 0
462615 0
462788 0
462938 0
463080 0
463204 0
463390 0
463512 0
463694 0
463823 0
463934 0
464083 0
464236 0
464362 0
464491 0
464610 0
464766 0
464910 0
465047 0
465171 0
465342 0
465442 0
465582 0
465733 0
465852 0
466012 0
466097 0
466275 0
466414 0
466557 0
466697 0
466822 0
466968 0
467093 0
467205 0
467356 0
467487 0
467587 0
467745 0
467846 0
468016 0
468134 0
468312 0
468449 0
468574 0
468701 0
468848 0
468995 0
469121 0
469251 0
469401 0
469497 0
469632 0
469733 0
469868 0
469962 0
470076 0
470226 0
470346 0
470483 0
470573 0
470695 0
470806 0
470949 0
471030 0
471175 0
471237 0
471415 0
471548 0
471709 0
471796 0
471946 0
472071 0
472245 0
472360 0
472532 0
472650 0
472760 0
472936 0
473030 0
473150 0
473273 0
473422 0
473550 0
473722 0
473854 0
474024 0
474121 0
474316 0
474422 0
474582 0
474688 0
474862 0
474988 0
475134 0
475253 0
475379 0
475508 0
475668 0
475778 0
475898 0
476024 0
476151 0
476293 0
476420 0
476561 0
476702 0
476818 0
476977 0
477071 0
477225 0
477316 0
477448 0
477595 0
477733 0
477846 0
477989 0
478121 0
478260 0
478375 0
478519 0
478630 0
478774 0
478878 0
478988 0
479150 0
479251 0
479376 0
479516 0
479647 0
479792 0
479923 0
480041 0
480188 0
480349 0
480433 0
480628 0
480718 0
480866 0
481007 0
481152 0
481272 0
481418 0
481531 0
481660 0
481780 0
481915 0
482072 0
482168 0
482287 0
482406 0
482581 0
482681 0
482794 0
482908 0
483034 0
483141 0
483274 0
483352 0
483519 0
483650 0
483776 0
483867 0
484001 0
484114 0
484284 0
484389 0
484506 0
484654 0
484782 0
484881 0
484991 0
485085 0
485171 0
485286 0
485432 0
485556 0
485722 0
485828 0
485972 0
486101 0
486210 0
486359 0
486514 0
486641 0
486811 0
486919 0
487103 0
487281 0
487398 0
487539 0
487677 0
487812 0
487999 0
488128 0
488299 0
488441 0
488597 0
488735 0
488921 0
489038 0
489207 0
489318 0
489503 0
489629 0
489769 0
489936 0
490076 0
490236 0
490373 0
490473 0
490632 0
490806 0
490966 0
491073 0
491240 0
491378 0
491532 0
491671 0
491832 0
491993 0
492138 0
492269 0
492440 0
492526 0
492680 0
492826 0
492964 0
493066 0
493230 0
493315 0
493508 0
493585 0
493775 0
493913 0
494043 0
494155 0
494339 0
494441 0
494593 0
494717 0
494846 0
495012 0
495146 0
495312 0
495452 0
495638 0
495748 0
495925 0
496040 0
496204 0
496338 0
496471 0
496608 0
496754 0
496926 0
497055 0
497208 0
497351 0
497490 0
497645 0
497810 0
497983 0
498133 0
498234 0
498386 0
498534 0
498662 0
498807 0
498938 0
499087 0
499209 0
499339 0
499470 0
499584 0
499703 0
499834 0
499959 0
500103 0
500248 0
500369 0
500477 0
500641 0
500778 0
500939 0
501044 0
501198 0
501316 0
501456 0
501616 0
501705 0
501883 0
502021 0
502169 0
502313 0
502419 0
502581 0
502685 0
502851 0
502990 0
503155 0
503259 0
503401 0
503549 0
503740 0
503866 0
504015 0
504120 0
504313 0
504482 0
504652 0
504774 0
504958 0
505096 0
505233 0
505445 0
505603 0
505729 0
505887 0
506116 0
506255 0
506436 0
506544 0
506756 0
506865 0
507074 0
507200 0
507410 0
507546 0
507725 0
507841 0
507983 0
508102 0
508281 0
508370 0
508530 0
508644 0
508764 0
508869 0
509022 0
509183 0
509355 0
509492 0
509621 0
509814 0
509909 0
510085 0
510234 0
510369 0
510484 0
510633 0
510726 0
510851 0
510993 0
511162 0
511275 0
511381 0
511501 0
511656 0
511767 0
511910 0
512030 0
512139 0
512204 0
512320 0
512449 0
512586 0
512686 0
512828 0
512927 0
513048 0
513159 0
513330 0
513444 0
513541 0
513685 0
513790 0
513879 0
514037 0
514120 0
514243 0
514360 0
514449 0
514552 0
514711 0
514817 0
514958 0
515087 0
515168 0
515296 0
515389 0
515556 0
515692 0
515825 0
515980 0
516112 0
516252 0
516384 0
516495 0
516615 0
516796 0
516921 0
517083 0
517185 0
517335 0
517460 0
517650 0
517756 0
517930 0
518043 0
518197 0
518327 0
518460 0
518609 0
518707 0
518832 0
518986 0
519142 0
519259 0
519434 0
519556 0
519741 0
519852 0
520019 0
520110 0
520245 0
520327 0
520486 0
520593 0
520724 0
520851 0
520985 0
521111 0
521191 0
521385 0
521469 0
521618 0
521705 0
521891 0
521990 0
522175 0
522269 0
522424 0
522535 0
522680 0
522824 0
522971 0
523108 0
523226 0
523386 0
523570 0
523700 0
523840 0
523981 0
524180 0
524319 0
524489 0
524625 0
524789 0
524923 0
525110 0
525266 0
525419 0
525601 0
525752 0
525866 0
526052 0
526163 0
526348 0
526500 0
526649 0
526795 0
526926 0
527072 0
527206 0
527331 0
527454 0
527641 0
527738 0
527891 0
527993 0
528142 0
528297 0
528445 0
528610 0
528731 0
528884 0
529023 0
529185 0
529314 0
529506 0
529582 0
529753 0
529867 0
530059 0
530174 0
530361 0
530445 0
530612 0
530715 0
530913 0
531016 0
531175 0
531264 0
531445 0
531577 0
531702 0
531840 0
531929 0
532089 0
532203 0
532336 0
532451 0
532574 0
532702 0
532841 0
532942 0
533078 0
533220 0
533348 0
533524 0
533613 0
533764 0
533855 0
534020 0
534153 0
534283 0
534383 0
534546 0
534699 0
534831 0
535008 0
535187 0
535337 0
535470 0
535638 0
535781 0
535912 0
536068 0
536235 0
536376 0
536545 0
536699 0
536831 0
536958 0
537096 0
537212 0
537359 0
537454 0
537665 0
537731 0
537908 0
538022 0
538179 0
538346 0
538454 0
538595 0
538695 0
538891 0
539013 0
539147 0
539253 0
539416 0
539583 0
539761 0
539885 0
540002 0
540192 0
540321 0
540445 0
540570 0
540662 0
540821 0
540983 0
541109 0
541264 0
541360 0
541526 0
541695 0
541812 0
542000 0
542135 0
542287 0
542448 0
542603 0
542726 0
542905 0
543048 0
543254 0
543368 0
543525 0
543666 0
543869 0
543985 0
544163 0
544314 0
544528 0
544644 0
544876 0
544990 0
545193 0
545339 0
545484 0
545629 0
545761 0
545885 0
546060 0
546219 0
546346 0
546527 0
546686 0
546885 0
546983 0
547185 0
547296 0
547468 0
547606 0
547775 0
547969 0
548081 0
548239 0
548374 0
548536 0
548664 0
548893 0
548976 0
549174 0
549307 0
549448 0
549601 0
549760 0
549928 0
550104 0
550288 0
550428 0
550612 0
550751 0
550939 0
551118 0
551266 0
551440 0
551605 0
551774 0
551910 0
552083 0
552228 0
552426 0
552544 0
552680 0
552813 0
552966 0
553075 0
553236 0
553361 0
553520 0
553600 0
553768 0
553902 0
554076 0
554141 0
554295 0
554406 0
554567 0
554713 0
554871 0
555003 0
555109 0
555270 0
555408 0
555535 0
555616 0
555767 0
555863 0
556016 0
556117 0
556279 0
556407 0
556542 0
556676 0
556816 0
556982 0
557134 0
557282 0
557363 0
557603 0
557667 0
557843 0
557980 0
558163 0
558288 0
558464 0
558588 0
558772 0
558873 0
559016 0
559144 0
559249 0
559399 0
559505 0
559670 0
559760 0
559968 0
560054 0
560218 0
560310 0
560458 0
560534 0
560717 0
560817 0
560976 0
561119 0
561244 0
561381 0
561534 0
561670 0
561784 0
561919 0
562047 0
562165 0
562325 0
562427 0
562561 0
562711 0
562802 0
562923 0
563030 0
563163 0
563283 0
563393 0
563507 0
563627 0
563731 0
563851 0
563961 0
564088 0
564183 0
564337 0
564426 0
564570 0
564622 0
564782 0
564868 0
565029 0
565126 0
565277 0
565384 0
565505 0
565596 0
565772 0
565876 0
566033 0
566113 0
566259 0
566348 0
566496 0
566619 0
566807 0
566900 0
567041 0
567195 0
567336 0
567474 0
567585 0
567699 0
567837 0
567984 0
568047 0
568201 0
568322 0
568515 0
568605 0
568737 0
568843 0
569001 0
569078 0
569203 0
569312 0
569439 0
569551 0
569668 0
569826 0
569952 0
570056 0
570162 0
570285 0
570401 0
570562 0
570655 0
570792 0
570872 0
571019 0
571127 0
571218 0
571343 0
571452 0
571573 0
571694 0
571792 0
571913 0
572072 0
572161 0
572306 0
572436 0
572552 0
572669 0
572886 0
572966 0
573142 0
573271 0
573442 0
573574 0
573738 0
573886 0
574055 0
574156 0
574276 0
574467 0
574570 0
574708 0
574824 0
574981 0
575092 0
575261 0
575401 0
575532 0
575684 0
575836 0
575940 0
576079 0
576207 0
576351 0
576473 0
576594 0
576772 0
576843 0
577007 0
577157 0
577311 0
577440 0
577555 0
577709 0
577838 0
577982 0
578112 0
578227 0
578320 0
578472 0
578591 0
578695 0
578818 0
578952 0
579060 0
579192 0
579269 0
579406 0
579528 0
579658 0
579792 0
579884 0
580049 0
580101 0
580273 0
580389 0
580562 0
580670 0
580763 0
580935 0
581072 0
581186 0
581326 0
581455 0
581551 0
581703 0
581797 0
581962 0
582064 0
582206 0
582322 0
582445 0
582542 0
582674 0
582807 0
582935 0
583061 0
583224 0
583347 0
583464 0
583589 0
583749 0
583883 0
583994 0
584096 0
584238 0
584374 0
584465 0
584591 0
584674 0
584841 0
584912 0
585068 0
585163 0
585310 0
585464 0
585585 0
585714 0
585860 0
585988 0
586088 0
586237 0
586343 0
586523 0
586641 0
586798 0
586877 0
587023 0
587153 0
587324 0
587436 0
587592 0
587758 0
587856 0
588060 0
588207 0
588309 0
588436 0
588583 0
588686 0
588833 0
588961 0
589148 0
589265 0
589475 0
589644 0
589844 0
590002 0
590205 0
590335 0
590531 0
590715 0
590891 0
591038 0
591216 0
591396 0
591546 0
591745 0
591866 0
592060 0
592185 0
592370 0
592489 0
592698 0
592823 0
593013 0
593156 0
593316 0
593464 0
593638 0
593792 0
593988 0
594093 0
594260 0
594450 0
594588 0
594739 0
594900 0
595092 0
595251 0
595412 0
595562 0
595760 0
595915 0
596108 0
596279 0
596428 0
596612 0
596743 0
596945 0
597077 0
597273 0
597409 0
597586 0
597751 0
597913 0
598073 0
598208 0
598356 0
598472 0
598668 0
598770 0
598969 0
599052 0
599264 0
599380 0
599554 0
599671 0
599820 0
600018 0
600189 0
600310 0
600498 0
600615 0
600772 0
600966 0
601082 0
601244 0
601392 0
601556 0
601721 0
601903 0
602041 0
602208 0
602324 0
602501 0
602644 0
602781 0
602917 0
603080 0
603208 0
603307 0
603448 0
603582 0
603730 0
603835 0
604020 0
604109 0
604315 0
604417 0
604570 0
604641 0
604788 0
604879 0
605060 0
605127 0
605281 0
605401 0
605489 0
605635 0
605744 0
605915 0
606065 0
606209 0
606347 0
606477 0
606580 0
606730 0
606834 0
606979 0
607112 0
607208 0
607349 0
607433 0
607601 0
607698 0
607887 0
608002 0
608160 0
608280 0
608403 0
608500 0
608678 0
608799 0
608912 0
609027 0
609219 0
609316 0
609500 0
609583 0
609787 0
609847 0
610002 0
610129 0
610266 0
610393 0
610511 0
610648 0
610778 0
610906 0
611026 0
611164 0
611269 0
611421 0
611526 0
611652 0
611766 0
611932 0
612031 0
612185 0
612300 0
612459 0
612610 0
612732 0
612939 0
613082 0
613265 0
613386 0
613540 0
613699 0
613896 0
614040 0
614153 0
614274 0
614423 0
614549 0
614672 0
614806 0
614955 0
615125 0
615188 0
615315 0
615434 0
615587 0
615697 0
615819 0
615903 0
616073 0
616163 0
616312 0
616434 0
616565 0
616691 0
616843 0
616989 0
617133 0
617280 0
617373 0
617559 0
617677 0
617839 0
617935 0
618131 0
618251 0
618435 0
618530 0
618715 0
618844 0
619006 0
619095 0
619282 0
619390 0
619552 0
619675 0
619845 0
619973 0
620125 0
620271 0
620428 0
620535 0
620665 0
620832 0
620954 0
621135 0
621264 0
621415 0
621549 0
621704 0
621838 0
621960 0
622109 0
622207 0
622334 0
622409 0
622536 0
622667 0
622788 0
622902 0
623042 0
623153 0
623274 0
623386 0
623493 0
623604 0
623763 0
623914 0
624005 0
624174 0
624266 0
624415 0
624512 0
624676 0
624821 0
624950 0
625091 0
625205 0
625362 0
625474 0
625645 0
625747 0
625915 0
626001 0
626170 0
626288 0
626461 0
626540 0
626717 0
626815 0
626971 0
627074 0
627239 0
627351 0
627501 0
627643 0
627785 0
627968 0
628127 0
628280 0
628401 0
628551 0
628690 0
628813 0
628951 0
629117 0
629212 0
629391 0
629527 0
629669 0
629812 0
629950 0
630083 0
630215 0
630386 0
630495 0
630669 0
630844 0
630932 0
631094 0
631271 0
631387 0
631549 0
631696 0
631867 0
632007 0
632151 0
632312 0
632402 0
632517 0
632647 0
632773 0
632897 0
633003 0
633106 0
633239 0
633320 0
633468 0
633563 0
633704 0
633771 0
633902 0
634016 0
634078 0
634266 0
634344 0
634479 0
634590 0
634699 0
634784 0
634888 0
635008 0
635127 0
635217 0
635313 0
635398 0
635535 0
635599 0
635757 0
635826 0
635967 0
636095 0
636174 0
636319 0
636422 0
636616 0
636700 0
636833 0
636936 0
637079 0
637134 0
637305 0
637429 0
637594 0
637676 0
637820 0
637924 0
638082 0
638229 0
638370 0
638490 0
638638 0
638781 0
638953 0
639067 0
639221 0
639391 0
639538 0
639727 0
639850 0
639994 0
640150 0
640296 0
640434 0
640538 0
640702 0
640871 0
641003 0
641128 0
641224 0
641344 0
641491 0
641568 0
641694 0
641793 0
641931 0
642022 0
642164 0
642286 0
642422 0
642561 0
642661 0
642772 0
642867 0
643017 0
643146 0
643338 0
643395 0
643547 0
643647 0
643819 0
643904 0
644049 0
644156 0
644287 0
644394 0
644514 0
644647 0
644739 0
644881 0
644992 0
645112 0
645216 0
645321 0
645401 0
645533 0
645632 0
645726 0
645836 0
645973 0
646124 0
646241 0
646414 0
646473 0
