Fractures for: DEFAULT
0.28246106445492108
0.0036602077094505603
0.0019862122553117802
0.37266457984673362
0.045293115796130941
0.044512617418302404
0.25927291384212287
0.32963439518233473
0.36085692772542499
0.079106810927270482
0.083109951933770965
0.071320036136465537
0.00056032949486255006
0.1066145024542902
0.011573615796260511
0.080089684477358161
0.097687851731363351
0.32507283750953198
0.12246766628320553
0.1734976353610799
0.35321047400809058
0.34802082296837622
0.16906656878060616
0.37892729869355157
0.0086713058627232598
0.18906732526151845
0.4152693534663538
0.39540950234568012
0.00040386231680920003
0.4363408616238682
0.27798050060633644
0.021204277893915151
0.1539166041325935
0.21250601296246863
0.31662481655626346
0.26443966194283092
0.23745049160168502
0.2512539643097168
0.36117170564913514
0.09142296428676705
0.2686998519335636
0.081772231606344239
0.28073671002682243
0.15577137730477461
0.20197918677468521
0.21061990043462006
0.069082847205409317
0.071973592925062196
0.12864026509494872
0.21519258251580425
0.25767212908451909
0.3032767949846446
0.32877451778684064
0.34091988051051181
0.36693398813182043
0.38371584157229977
0.29723993179933894
0.23100031789151715
0.36895744290975668
0.41270351618352485
0.23520833906713937
0.44827840192926449
0.064361728631203416
0.26393261951719688
0.043145091063435254
0.45311730004219108
0.45634884514703489
0.16454563892995394
0.18665842639438435
0.098632495556992966
0.23047259633990247
0.09620594765733799
0.28395754044148658
0.46801194206455654
0.11503766020046069
0.27730904850780203
0.31925608785600201
0.12235436923331569
0.40282308527619076
0.066051751740637363
0.1830132139146344
0.22858122005789169
0.27833732169120651
0.4100205433045982
0.40747203292803291
0.23774599233954857
0.21610904722780186
0.21551397852192983
0.047898227765583785
0.038595640247167995
0.10707836377583156
0.29936915652134571
0.018731532437181512
0.17710186296930758
0.21053041698338348
0.04941133744911496
0.01603404822775965
0.12327757769280356
0.068569410443556508
0.093471490619894501
0.290930610718521
0.19239736142573224
0.30724099906391861
0.0036391462946637103
0.048928936957502202
0.15373699793640866
0.2069984741487626
0.32905543810098919
0.33907520333607605
0.18395402192062826
0.047354100418388924
0.35024876705151931
0.12643882825678418
0.37206938085701985
0.02260130543823103
0.067420886152059378
0.15278564949986678
0.37348402889485977
0.032747944959473516
0.11106238801754473
0.21112248183969448
0.18276306097380809
0.26076685876552819
0.19726756940255494
0.014931827593788151
0.023344827866964572
0.035391564421558393
0.13685480618055654
0.25301886860314027
0.35634028246395533
0.094218854014960607
0.24786820393458947
0.3673847304569548
0.03673457314200633
0.27488023250657728
0.22215648729975862
0.35993008089143258
0.20815373422964256
0.3779249010900434
0.37471606837643645
0.012969263769010631
0.10774322846251057
0.12195769136248745
0.23071150838641846
0.10859576457669333
0.22484580561190429
0.17162888362627274
0.26528206280281164
0.29895241327634781
0.046867121898220086
0.27772440166900264
0.1756192076831613
0.10815915213381888
0.28039295688171467
0.1710331019580863
0.24525035413490451
0.34571296604728041
0.38294923097176731
0.31238865392047571
0.18584293986937009
0.08883956794787265
0.30858031638669059
0.33941418661255113
0.064889406466939997
0.075217783872638735
0.036091152681044875
0.1460569289790421
0.33205179088369591
0.060542031221205973
0.1470777647060047
0.20815322353398133
0.34277277963420427
0.025154383107999872
0.15105768372638298
0.30920051164232032
0.3236715106855782
0.16961594576050368
0.14868479911914062
0.17320233191718756
0.026955389803622522
0.26622609700470951
0.19131473810420513
0.10669623607296135
0.22008255196045778
0.22195186520777899
0.16671775543022918
0.24807035063479874
0.048583962631505863
0.32037272913990089
0.01952492410153173
0.11807328956490329
0.056595458636508562
0.23616805236275734
0.24445540218912673
0.25043936480527518
0.33753181963444107
0.3644794322478293
0.07518188249405057
0.39330456650615403
0.097547221604399367
0.39705977910183932
0.3980070723899839
0.11602305440554551
0.0053206565338586405
0.20888594428743174
0.27157925607578004
0.40001272504021285
0.40143186917475476
0.40394053080444353
0.065396589537098621
0.26666154031217904
0.02124906155863027
0.27839276807600455
0.39626358986666482
0.24522341577079934
0.3608350684338017
0.021924258965143831
0.25889120704049773
0.40421382250812621
0.41171491618851225
0.079530496730507522
0.41244276319056145
0.41404984248190146
0.11128250163453077
0.095889213711625274
0.41648128968687026
0.42311619998097189
0.42486334568539841
0.42557847690747347
0.22509087679564591
0.0018495671967955201
0.42925054676245267
0.18655496584167525
0.039749297088507551
0.0027147089536067402
0.2509315667740451
0.29710809152242929
0.30733932055659891
0.11376218272674209
0.11979132236388997
0.17489360564844705
0.31202621269153252
0.12768688986452248
0.33221770856809041
0.3881095491198524
0.0074943451543376506
0.058488418286059482
0.081111398882204297
0.24538762898248945
0.10245827984265209
0.42563936535233315
0.15138347724679094
0.22323951274355575
0.40781752691445505
0.011867659040449912
0.035103125164339381
0.23897846906931167
0.18083684011056042
0.43006933294937444
0.44501858665872396
0.33095540214304497
0.2366467350784181
0.4452035262553366
0.45662584743766332
0.4584501979643727
0.03525807091147716
0.20441474247889296
0.091213242256538443
0.080122131076135042
0.20339225379564768
0.32220568473112943
0.34942148242215104
0.41821358333867203
0.096011026953129033
0.073215096898742435
0.28962174147823733
0.36062918916481163
0.42105836260643564
0.20988516981456873
0.077772378654966196
0.42204017880271555
0.15128087303909121
0.19740545352291816
0.21692708047974296
0.20843648925151553
0.16618908805737465
0.28195535603491251
0.12902025411075033
0.13451900418759369
0.46041310259707041
0.46140219127529658
0.46569019265568662
0.48899245883808246
0.48913141169700514
0.33731961936388788
0.20845697493455778
0.18810577412120097
0.44815843101060204
0.1717193717516115
0.38310101381754308
0.47894973200885044
0.25220989524215653
0.15169222467815602
0.39475509179298329
0.49075597260558484
0.16142079829647746
0.17028945448299437
0.056840152944321987
0.080128450677029658
0.054392665655769161
0.034145379077117101
0.090266248448498523
0.11010738895266795
0.20429968680849997
0.29289908862903774
0.30345426422709348
0.35416856479566988
0.38587314127856964
0.23334864659209872
0.39163586518265986
0.13789204892710166
0.010389677795243911
0.38116572156111761
0.40259601788925137
0.41406673557112306
0.026262604993151091
0.051861585165206114
0.14774267209585226
0.15966848164591482
0.13694991039633336
0.033863925548391072
0.17028784969574001
0.10609526282361037
0.16706886474519222
0.17712180087574522
0.22380215673081602
0.11448752967090893
0.10070222854072144
0.2299752997673469
0.25046205898512119
0.13019845562373394
0.043865298039697305
0.25082666534320713
0.25460039694484371
0.039675090759831576
0.11736972033310508
0.079174839573668068
0.0070539536515886406
0.01465504791159318
0.31461167708475984
0.23754986297841585
0.0063112482381027504
0.27248181293150187
0.19165548517657138
0.22737740861387434
0.1116454919438698
0.20703609047509258
0.32524831365436679
0.1995548481798301
0.35820183855547755
0.12253997878360692
0.36256392260001624
0.37648492666356592
0.24967598124035109
0.38531664013105749
0.058539323448921286
0.1338381000539671
0.23574713888015125
0.3336599487938976
0.034647323378643582
0.28367974393814516
0.38530781500750683
0.24651374305788998
0.40472306127011964
0.13293782272654628
0.34589620948006961
0.050824865617794181
0.29772250073318596
0.094919780672097762
0.40787525949275277
0.43184608780318817
0.10203579450828089
0.36143697503527344
0.2861074557845984
0.14650078779766829
0.24927682202988702
0.25753251798633287
0.42552988636484307
0.44349476087098377
0.063079767618538049
0.15589682218238712
0.036681702792583482
0.15447632717356746
0.088444674558834632
0.24981210682377411
0.21301117266121988
0.23387762083499797
0.16026651106096285
0.26365973740063076
0.19189592569025954
0.28496849145119252
0.1461495459709887
0.28644591621126198
0.28530777046626493
0.29916326168344098
0.24042271504713006
0.30003211791406981
0.10088469641315169
0.3782770443494608
0.28319626581349372
0.39103821877994066
0.40596013606248477
0.052963834153035606
0.10435988136565677
0.0030131497370712301
0.11783551373241781
0.3767171528769529
0.29055855621370857
0.3386362183852718
0.0032165812282970302
0.25779972874701523
0.42257171204326849
0.42963873121403573
0.43021890070816249
0.34144070314506547
0.10071769363641231
0.15751603218920246
0.24800222293076502
0.44160367156813957
0.14767300004855402
0.26196636266798956
0.29520482566163475
0.13789201318873701
0.11343823896745341
0.30807606138946458
0.45630971950476795
0.16427408231326771
0.3282157326505899
0.33932293508415862
0.28946735029246434
0.043890311442781473
0.15930789141886606
0.13278761939092654
0.12015255493489835
0.26581612773464069
0.054550639051952454
0.039927513200553905
0.090832800920933363
0.052933776226614132
0.17986036002652145
0.08845350152749204
0.22253137661776964
0.23477638879447102
0.20539793806741766
0.27537145701849908
0.14987269554845009
0.30080336046601308
0.18441040931760189
0.04182688026304144
0.012139887173852211
0.21081466388013093
0.072515678452315296
0.24214038262482426
0.32027391446759107
0.33267686429801946
0.34566066347348456
0.16853845235219153
0.24796534236555801
0.34987816271610955
0.034263006239652699
0.3334443584930597
0.27851238459174188
0.35796573143143506
0.37258768848288315
0.38396119199176049
0.38758240100147001
0.10072180092195698
0.066883025110068384
0.23563844607802129
0.32261504949224135
0.39321122237553124
0.4004292632592461
0.42851345975377442
0.34138194873087668
0.43700489695377331
0.43820704458232757
0.44097187102187946
0.10698092327177407
0.44893673411212937
0.11428596767780949
0.18694919431435081
0.10306342209152408
0.01045475835407726
0.24636730554687017
0.33517670000581662
0.38674961348098164
0.40116692047848923
0.2516573964586854
0.25924838067555794
0.024634185164557683
0.34543875821782627
0.37975314925787917
0.37008204594401667
0.38601465906339993
0.41173719520521213
0.00149308931432576
0.01976240218599477
0.14460722751891389
0.046940663264404672
0.34439865547540083
0.42122852822746409
0.19838424063525664
0.037686092552484361
0.45692514029917308
0.12546980362925508
0.45980202434128509
0.014367462062869301
0.11705698059808632
0.12923823213559704
0.44543919886254069
0.07827151141096228
0.15634338157158781
0.11944149484465649
0.05058414730086002
0.12242275072127169
0.1573966249237648
0.037133103194491306
0.18429518914900281
0.11069756976292416
0.12809338642920906
0.1891921982253166
0.11892339919120069
0.24013865233910614
0.080252080698740874
0.26998001872696048
0.084127790330364632
0.22505192778944769
0.22069797001141914
0.31887618241987159
0.15963785062217753
0.1351578959284335
0.0079000191507896302
0.23841832072612318
0.012351535192485981
0.12611633555731724
0.2929462331826243
0.30175348577675576
0.20480954599170764
0.040297230074432255
0.21141471659526434
0.1033611290717064
0.082242093373415009
0.26915530273420796
0.28041808190888684
0.32963774925115547
0.33085632331904852
0.01663638358404803
0.015786242361264642
0.045509661364846611
0.23139207573914289
0.017284815834605761
0.078434278191786874
0.06575965339268279
0.072469472348481265
0.10894047323346777
0.12174323873474041
0.1860957431325739
0.22478116484359695
0.22541965114264498
0.29828638076485409
0.12700680677620796
0.33101573828877712
0.21541204237534037
0.08168853394125275
0.12760977546662849
0.22527640761162662
0.014353837379087551
0.14198105143317752
0.11315659614025161
0.1956538480458225
0.20936598469064899
0.23246989152787734
0.30510133414171176
0.34577459714764019
0.17974380894061764
0.13758922778133978
0.36660472070735589
0.093223007607678363
0.23865444598666394
0.039128576116613134
0.13483757862044077
0.16836801701062548
0.1130692281298037
0.28390255266904696
0.36750472157738484
0.25806145734856273
0.3852512005342274
0.34687155901737504
0.044458497851188196
0.062946956473914378
0.31770495384291764
0.22528231742320678
0.11518612240801997
0.2263501956479563
0.015236798417807972
0.045538052507488283
0.15605670102837482
0.15727213243058077
0.044757823693982395
0.15926375596048206
0.13825773976465466
0.066086300887524083
0.0054131519751062706
0.11525237937938125
0.14310260647679662
0.15350672549427558
0.17355887965924247
0.23074214624967834
0.0043190607232500705
0.02013919985239266
0.2327656103667079
0.268886896466977
0.27322980804251273
0.11451168886707752
0.1501560903489868
0.23344486679892562
0.2386659722230855
0.10266328939700908
0.082148385520566122
0.22541518710038205
0.029460540056528851
0.088902085730172525
0.21480721250221677
0.24285784903781399
0.25559196275862922
0.26973530338115403
0.15675751740073632
0.1578079279742633
0.29020528860656603
0.30377121635165338
0.064069367276078037
0.23875891838698848
0.042897190031438402
0.32091842779048541
0.09043991200927623
0.32115669701004562
0.32428612133626339
0.23623161781809507
0.10498218746760689
0.3245917901785742
0.10146343509513815
0.023371547018144673
0.33424079226070169
0.33930299486893289
0.34374594534981129
0.19095242239800794
0.21349087814069997
0.27500080931216908
0.14881965379438694
0.34357322551686448
0.35979986019749194
0.094004192753151902
0.18734788685228326
0.2919300791205634
0.16164180152421356
0.1584481998128629
0.018873570765774231
0.080201496486277696
0.1987633104557569
0.32665359925900811
0.31580455719272449
0.34346647819842063
0.24054742140386579
0.13543960376734551
0.089023299582750723
0.33961731503068854
0.32443271928452028
0.092636675714047684
0.13900074502479309
0.30401086827112744
0.083463355051707766
0.24097795946086623
0.10668482886644405
0.24628388459416831
0.34775504164053772
0.10658176786151549
0.12885561223383796
0.15960209389060492
0.25672236300520029
0.30318695537211443
0.35213196327271734
0.35650013972856137
0.36047874363593996
0.36070737793324209
0.38031676681991333
0.12418885714865477
0.38107213637132187
0.1336174171427558
0.21996212854832325
0.29611960913318597
0.38625209226685209
0.24897028664842291
0.3910625795502628
0.39606546930570147
0.10539245793335149
0.062347090137102427
0.074215522258502878
0.045880059304615035
0.090689919772584601
0.047357270914399431
0.15839434990173476
0.18273817932215017
0.018934538863386443
0.089436654277032138
0.19030706505074829
0.044035909998662484
0.1973366944037131
0.21554981931379458
0.20209274519522322
0.022751630679484353
0.047308657983213383
0.0091106673831261604
0.0078566850416391509
0.18314868980430382
0.065509676055870089
0.18382520312791442
0.24631459520839086
0.19300538838890011
0.0064341807070921707
0.025010403621470691
0.2065712320357275
0.2929551416082164
0.30054085073863995
0.30490021008505597
0.30613142746466437
0.030796219764499241
0.18021851644457915
0.092984221880636472
0.034376643912563953
0.13846236878741869
0.21794884472837314
0.12552090219874643
0.029388196311673883
0.11454716951836837
0.25375661981141068
0.29863861366431849
0.29917906325505977
0.32483457566202156
0.34228849413929585
0.10890685309256004
0.35599763272134249
0.081366796103810743
0.11197395780424463
0.30605819307739962
0.35839396856614436
0.35851997562171306
0.10296955646801077
0.38206423244472426
0.11554157667993908
0.24626232466235881
0.2961732069927025
0.39854365986770912
0.077434015781401633
0.14530884805498814
0.041668777614524942
0.097703269500949153
0.19974600210252905
0.20127119784074873
0.1482145656843219
0.054350086425966594
3.5232420155360005e-05
0.020658525761964981
0.022927537870488852
0.027430029851185773
0.16847651883928458
0.1607526628090542
0.19643680762777768
0.11596454323403685
0.21321896483486069
0.20337403983340968
0.24066933439880481
0.2512173010022416
0.25188748771885217
0.21669540872378004
0.1179567264356096
0.032717275173978391
0.1071570488686316
0.21836486374790365
0.24668339607709758
0.25127759812950384
0.25408790738286091
0.22998786570234514
0.13674100270327544
0.26659798879097452
0.13833863372130401
0.13380651463550364
0.28071461068999493
0.042245195429331521
0.10105236194475396
0.28202196985706957
0.096163715786454954
0.062692852525017786
0.21406617453989754
0.37455417595144869
0.14554612082338722
0.37858770170849027
0.26845511684983386
0.1503287375172071
0.24622056479954155
0.14369496418577549
0.19421596634749552
0.21329897576213352
0.28775332125321346
0.39786189450801052
0.10363864765810429
0.10542617224743912
0.11273686565455981
0.12942611382920957
0.15396862394481758
0.30701935293549154
0.3220528987903622
0.38843794814840293
0.36176442208158466
0.034403839190552281
0.081078246363070691
0.27725665983336412
0.38119669327146904
0.3773803927158686
0.38100334567448857
0.13959731857417496
0.3407810718974012
0.39844216800293697
0.40024058950845443
0.40399700963985685
0.40449499137371531
0.40488374466761579
0.17888282708554337
0.40616099922334381
0.20030972190083263
0.37045956983265355
0.41123811779475761
0.11307448515194843
0.23110224486649722
0.28629678591550972
0.3300920144174852
0.057959303465635777
0.042410901248268316
0.010015334943880272
0.030353017585352922
0.081029733274387256
0.0076789797123237207
0.41190857439480449
0.24951814322813926
0.41249776826878171
0.41441748555577779
0.17325711967817042
0.25279754482869171
0.10912789946695213
0.34125014709242996
0.00992399321964141
0.17254171581220662
0.31977950377299508
0.00487771658354992
0.011735432046541351
0.14144515343448213
0.10054783121492909
0.16564777557669294
0.33920274654838684
0.083813762705457609
0.14618656748274744
0.34723751243136713
0.12270288360998868
0.35029114086570001
0.290411173964992
0.35799292706030239
0.17969228228949294
0.37388510423885957
0.17718502625730287
0.38618633517640738
0.029403504380697412
0.41686922564622436
0.035517759976794135
0.2336151351542945
0.37024125589317491
0.42279609184171685
0.11638384001410577
0.17416277928697077
0.275528803608867
0.42295455934742876
0.25401541216242141
0.035207544321849193
0.10259981685210393
0.11359980767591349
0.13084903324142402
0.13513911379924948
0.23375604046628526
0.2547454306997507
0.37842308308189737
0.15815776549653981
0.073207906142685478
0.37075320594220168
0.31691984806342516
0.043525707488232382
0.39521713938833625
0.27416625353555524
0.42361657044272633
0.29350366151661267
0.16605051188545281
0.33214456015290755
0.36034844292341323
0.42385273447013538
0.42406771499919793
0.32326771373520496
0.4245548447358295
0.4249066974135442
0.42576307169819555
0.0022249351321318102
0.068039201709110611
0.19950897205238913
0.42754722302434267
0.42807731502667717
0.42846313703286421
0.14637195856363158
0.43510502645769478
0.085887042092542012
0.052703545274498213
0.034001139163618882
0.18256006121005069
0.38647559961674832
0.023390252644492793
0.069692864004183411
0.014697790570994011
0.07672292432510934
0.14324430048809209
0.26618359662892521
0.28180054983499842
0.41057194170852812
0.13256116749174218
0.039737589573568544
0.20954287597094642
0.28478889636467525
0.33594329000052592
0.014572520086467452
0.19416383733284193
0.19663899811111493
0.059661188231534906
0.43162025986976776
0.25516687531361609
0.41521829482256883
0.10120379258934335
0.12940888611852194
0.29922950897487072
0.34173291614198592
0.048915986016252702
0.16835882813758155
0.29151449631410647
0.43568667795445182
0.44017292436476346
0.44028226582993579
0.44218594968167813
0.13721769492431454
0.44269177438207868
0.17026083665795771
0.14190059166474428
0.076162883374145077
0.43559549944445553
0.24755655219934605
0.28819368204495077
0.055360106391625315
0.097869174085640165
0.14572998687649169
0.23588192374040609
0.13746757434573642
0.070294747960659945
0.30834763313015984
0.41271912704163205
0.10308950637270997
0.27677962130632011
0.33217772583817301
0.27153632737754441
0.1606888732986943
0.1932074378232789
0.4443723927141407
0.44483353333672093
0.44507194706789538
0.35728231573745511
0.44516495169181797
0.44562689454071058
0.23995550775259678
0.34866267608854673
0.40691623844111324
0.14158783315816018
0.054892682662450946
0.19369477589924097
0.00118596869077143
0.16274934231411706
0.082934680869086147
0.16361703157143048
0.24120287209992008
