2000
Invasion for: temp
0.015008655647886116	0	0	0	1	0	0	0
0.084787786562579015	0	0	0	-1	0	0	0
0.0087027429079924445	-1	0	0	-2	0	0	0
0.032686099659689383	-2	0	0	-2	-1	0	0
0.017789629942470242	-2	-1	0	-2	-2	0	0
0.05603101356983764	-2	-1	0	-3	-1	0	0
0.0096451331098164061	-3	-1	0	-3	0	0	0
0.016686974730973247	-3	0	0	-3	0	-1	0
0.0025081786740459577	-3	0	-1	-3	-1	-1	0
0.0029303257593351617	-3	-1	-1	-2	-1	-1	0
0.056180931088376518	-2	-2	0	-2	-3	0	0
0.057879342264461897	-3	0	0	-3	1	0	0
0.075998146562721303	-2	-3	0	-1	-3	0	0
0.0056676690576793476	-1	-3	0	-1	-3	1	0
0.042036705960904364	-1	-3	1	-1	-4	1	0
0.088034102330638575	-2	-3	0	-2	-4	0	0
0.069775221529781106	-2	-4	0	-3	-4	0	0
0.064503508209987181	-3	-4	0	-3	-3	0	0
0.072527137322547119	-3	-3	0	-3	-2	0	0
0.074247441010902193	-3	-4	0	-3	-5	0	0
0.054670619346170568	-3	-5	0	-3	-6	0	0
0.076499744018061477	-2	-4	0	-2	-4	1	0
0.061990750849386878	-2	-4	1	-2	-5	1	0
0.080410174137727886	-2	-4	0	-2	-5	0	0
0.039620739106180025	-2	-5	0	-2	-5	-1	0
0.082263811946207355	-2	-4	0	-1	-4	0	0
0.083967822593388419	-2	-4	1	-2	-3	1	0
0.080993736246185222	-2	-3	1	-2	-3	2	0
0.064253658973813188	-2	-3	2	-2	-2	2	0
0.0058642047265351493	-2	-2	2	-2	-2	3	0
0.037613045343562135	-2	-2	2	-2	-1	2	0
0.052297849694467935	-2	-2	3	-2	-3	3	0
0.042269469818313254	-2	-3	3	-2	-4	3	0
0.033346726025504481	-2	-4	3	-1	-4	3	0
0.02340366557180662	-1	-4	3	-1	-3	3	0
0.089249374729536868	-1	-4	1	0	-4	1	0
0.089654412975119335	-2	-4	3	-2	-5	3	0
0.080075169668644364	-2	-5	3	-3	-5	3	0
0.023609781067993829	-3	-5	3	-3	-6	3	0
0.039394874852563433	-3	-6	3	-4	-6	3	0
0.066361330615480441	-3	-5	3	-3	-4	3	0
0.074836224253405526	-3	-4	3	-3	-3	3	0
0.080402699265604838	-3	-4	3	-4	-4	3	0
0.025193832601644317	-4	-4	3	-5	-4	3	0
0.085353151272577144	-3	-3	3	-3	-2	3	0
0.09038435520132726	-2	-3	2	-2	-4	2	0
0.090515665008176427	-2	-4	0	-2	-4	-1	0
0.063331528484857458	-2	-4	-1	-3	-4	-1	0
0.050115175260443401	-3	-4	-1	-3	-3	-1	0
0.081214693727426734	-2	-4	-1	-2	-3	-1	0
0.090949143671323895	-3	-1	-1	-3	-1	-2	0
0.06601717824133857	-3	-1	-2	-4	-1	-2	0
0.09169698581302832	-4	-1	-2	-5	-1	-2	0
0.095697834230126233	0	0	0	0	0	1	0
0.073926433598098917	0	0	1	0	-1	1	0
0.098473982966163831	-3	1	0	-2	1	0	0
0.059104693351827109	-2	1	0	-2	1	-1	0
0.065195548985550467	-2	1	-1	-2	0	-1	0
0.10154716954673582	-2	-1	2	-2	0	2	0
0.049216716801565141	-2	0	2	-2	1	2	1
0.012268556789170937	-2	1	2	-2	2	2	1
0.046658370525452852	-2	1	2	-2	1	3	1
0.0085579841055736239	-2	1	3	-3	1	3	1
0.039117656281728586	-2	1	3	-2	1	4	1
0.079284815242333551	-3	1	3	-3	0	3	1
0.021891706009501632	-3	0	3	-2	0	3	1
0.079965070852431097	-3	1	3	-3	1	4	1
0.080004466499788762	-3	1	4	-3	2	4	1
0.097027239519251296	-3	2	4	-4	2	4	1
0.027598916349791836	-4	2	4	-4	3	4	1
0.013699101269871505	-4	3	4	-4	3	5	1
0.10223850797447298	-1	-3	3	-1	-2	3	1
0.0068853809571010061	-1	-2	3	-1	-2	4	2
0.091257480551185211	-1	-2	4	-1	-3	4	2
0.055726434971010264	-1	-3	4	0	-3	4	2
0.056444601699141117	0	-3	4	0	-2	4	2
0.053501053845606883	0	-2	4	0	-1	4	2
0.043018274581372751	0	-1	4	0	0	4	2
0.042137585811880207	0	0	4	0	1	4	2
0.055957374586373732	0	1	4	0	2	4	2
0.070479685246237267	0	0	4	-1	0	4	2
0.031999795006203868	-1	0	4	-1	0	3	2
0.068888624426771017	-1	0	3	-1	-1	3	2
0.081110068575711125	0	2	4	-1	2	4	2
0.062546091475370602	-1	2	4	-1	3	4	2
0.079905492156797209	-1	3	4	-1	4	4	2
0.03052399723310284	-1	4	4	-1	5	4	2
0.083581805900635686	-1	5	4	0	5	4	2
0.085829103941209794	-1	3	4	-2	3	4	2
0.090136900603658532	0	5	4	0	6	4	2
0.044713109240151816	0	6	4	0	7	4	2
0.097429179268993416	0	5	4	0	4	4	2
0.099567213895011442	-2	3	4	-2	4	4	2
0.10163403940125093	-2	3	4	-3	3	4	2
0.03023379045466168	-3	3	4	-3	4	4	3
0.10286664930581679	-2	-5	1	-2	-6	1	3
0.10420322924298908	-2	-1	2	-3	-1	2	4
0.021417907834075933	-3	-1	2	-3	0	2	5
0.023929667272538424	-3	-1	2	-4	-1	2	5
0.051654896275712403	-4	-1	2	-4	0	2	5
0.010497255710956388	-4	0	2	-4	1	2	5
0.073873886173872805	-3	0	2	-3	1	2	5
0.075678302285492549	-4	1	2	-4	1	1	5
0.024003863864116681	-4	1	1	-3	1	1	5
0.10532152734849554	0	0	1	-1	0	1	5
0.10380355678729725	-1	0	1	-1	1	1	6
0.10671606086497221	-4	-6	3	-4	-5	3	7
0.076254711306059875	-4	-5	3	-4	-5	2	8
0.039574937933449128	-4	-5	2	-4	-6	2	8
0.041448843057694695	-4	-6	2	-4	-7	2	8
0.05263321419865008	-4	-6	2	-4	-6	1	8
0.053357795824414467	-4	-7	2	-3	-7	2	8
0.10879515202378265	-3	0	3	-4	0	3	8
0.051970590223421986	-4	0	3	-4	1	3	9
0.097582586022403994	-4	1	3	-4	2	3	9
0.10887485390559704	-4	3	5	-3	3	5	9
0.077461901265109212	-3	3	5	-3	2	5	10
0.062771639324739503	-3	2	5	-3	1	5	10
0.10889233698368717	-1	-2	4	-1	-1	4	10
0.10913517511868509	-1	1	1	-1	2	1	11
0.05320587064570681	-1	2	1	-2	2	1	12
0.035927702545585305	-2	2	1	-2	1	1	12
0.075913978781120051	-1	2	1	-1	3	1	12
0.048294677956683074	-1	3	1	-1	3	2	12
0.042467271799208284	-1	3	2	-1	2	2	12
0.0074891729037158683	-1	2	2	-1	1	2	12
0.011277221814962601	-1	2	2	0	2	2	12
0.071115675104072906	0	2	2	0	1	2	12
0.090286220405477735	-1	2	1	0	2	1	12
0.10063762870372983	-1	3	1	0	3	1	12
0.01223114530029612	0	3	1	1	3	1	13
0.020916390317596623	0	3	1	0	4	1	13
0.070846858004646407	0	4	1	0	5	1	13
0.0047739856840278705	0	5	1	0	6	1	13
0.0038094993184127901	0	6	1	0	7	1	13
0.017607080292930455	0	7	1	0	8	1	13
0.020820648146006704	0	5	1	0	5	0	13
0.076451374393400329	0	4	1	0	4	2	13
0.072044656200562329	0	4	2	1	4	2	13
0.052984710991209383	1	4	2	2	4	2	13
0.059135632645113567	2	4	2	2	5	2	13
0.036666234008403187	2	5	2	2	6	2	13
0.0012097179382077883	2	6	2	2	7	2	13
0.052923955779438536	2	7	2	2	8	2	13
0.0076644179678737601	2	8	2	2	9	2	13
0.056856927697770843	2	7	2	3	7	2	13
0.065689097770927241	2	9	2	2	10	2	13
0.016851712413136433	2	10	2	2	11	2	13
0.019390479106466074	2	11	2	2	12	2	13
0.0542703649378522	2	12	2	2	13	2	13
0.034914817880967064	2	13	2	3	13	2	13
0.066040391117661912	2	9	2	3	9	2	13
0.036094811337871846	3	9	2	4	9	2	13
0.034781632206470903	4	9	2	4	10	2	13
0.046277511799733162	4	10	2	4	10	1	13
0.017665611549501747	4	10	1	4	11	1	13
0.024731042505178991	4	10	1	3	10	1	13
0.016514942492976914	3	10	1	2	10	1	13
0.029415172141454171	2	10	1	2	9	1	13
0.054110520796374573	2	10	1	2	11	1	13
0.064324536607838212	3	9	2	3	9	1	13
0.06975178262371351	3	7	2	3	6	2	13
0.035632194702220232	3	6	2	3	5	2	13
0.073106155346877699	2	9	1	1	9	1	13
0.07299387782011646	1	9	1	1	8	1	13
0.053895747359966606	1	8	1	1	8	2	13
0.073278339060887987	3	5	2	3	5	3	13
0.07366893781075845	3	5	2	3	4	2	13
0.010480295926077687	3	4	2	3	3	2	13
0.054025016181569185	3	4	2	3	4	1	13
0.048256262353813639	3	4	1	2	4	1	13
0.040381238703727007	2	4	1	2	3	1	13
0.028477560578664907	2	3	1	2	2	1	13
0.066318617969967519	3	4	2	4	4	2	13
0.031986135143017513	4	4	2	4	5	2	13
0.029632550579959727	4	5	2	5	5	2	13
0.057363653108952306	4	4	2	4	3	2	13
0.022678669479144986	4	3	2	4	3	1	13
0.035471431496650219	4	3	1	4	4	1	13
0.072477586300011332	3	4	1	3	5	1	13
0.054196621030049741	3	5	1	4	5	1	13
0.077596666501790423	3	10	1	3	11	1	13
0.078337722781398611	0	5	1	-1	5	1	13
0.032865665296533564	-1	5	1	-1	5	2	13
0.079439901598480134	1	8	2	1	9	2	13
0.080496503633106897	2	6	2	2	6	3	13
0.05604505992944997	2	6	3	2	5	3	13
0.082948978945124097	4	5	1	4	6	1	13
0.067059072077446658	4	6	1	5	6	1	13
0.085187066671363887	3	3	2	3	2	2	13
0.021469893272531237	3	2	2	3	2	1	13
0.086869075479707902	3	10	1	3	10	2	13
0.087140097674097916	3	3	2	2	3	2	13
0.00025434616693864598	2	3	2	1	3	2	13
0.052033751173214959	1	3	2	1	2	2	13
0.055032989834493229	1	2	2	1	1	2	13
0.076937255737600019	1	1	2	1	0	2	13
0.016623239845442228	1	0	2	1	-1	2	13
0.02345770190314056	1	-1	2	1	-1	1	13
0.019880351075135749	1	-1	1	1	0	1	13
0.080507600196240148	2	3	2	2	2	2	13
0.074859179926460406	2	2	2	2	1	2	13
0.085384766847424132	1	0	2	0	0	2	13
0.088482669317437868	1	8	2	0	8	2	13
0.089160906333594525	1	3	1	1	4	1	13
0.091655487639940247	4	3	1	4	3	0	13
0.049052583146930395	4	3	0	4	2	0	13
0.055474936223594895	4	2	0	3	2	0	13
0.052311844841744559	3	2	0	3	1	0	13
0.045487588392024492	3	1	0	2	1	0	13
0.05980714955015376	2	1	0	2	2	0	13
0.066441333458034713	2	2	0	2	3	0	13
0.046810517215462255	2	3	0	2	3	-1	13
0.018872107723471032	2	3	-1	2	2	-1	13
0.050452077489676839	2	3	0	1	3	0	13
0.008602769476322436	1	3	0	1	2	0	13
0.06228252590497263	1	2	0	1	2	1	13
0.069708913909593662	1	2	0	1	1	0	13
0.072306601742173626	4	3	0	5	3	0	13
0.010584953677884812	5	3	0	5	4	0	13
0.0032760496457697741	5	4	0	5	4	1	13
0.045406739130914531	5	4	0	5	4	-1	13
0.081201574772683749	3	2	0	3	3	0	13
0.079550882478715224	3	3	0	3	4	0	13
0.0055375612891790382	3	4	0	3	5	0	13
0.089824053740018783	4	2	0	4	1	0	13
0.0076127412544799711	4	1	0	4	1	1	13
0.0069773642615071907	4	1	1	3	1	1	13
0.0019610293301042248	3	1	1	3	1	2	13
0.013185702309995051	4	1	0	4	0	0	13
0.068498451395369031	3	1	1	2	1	1	13
0.020048061076501256	2	1	1	2	0	1	13
0.064506994405586937	2	0	1	2	0	2	13
0.071932527424152681	4	1	1	5	1	1	13
0.07495535137152487	2	0	2	2	0	3	13
0.071341212297905798	2	0	3	2	0	4	13
0.02622087395527295	2	0	4	2	-1	4	13
0.046199363559250806	2	-1	4	2	-2	4	13
0.027547959720376269	2	-2	4	3	-2	4	13
0.022514926035862359	3	-2	4	4	-2	4	13
0.0072132455010294194	4	-2	4	4	-3	4	13
0.047666061086522937	3	-2	4	3	-3	4	13
0.012257826430574603	3	-3	4	3	-4	4	13
0.010744943844628096	3	-4	4	3	-5	4	13
0.047751248032451343	2	-2	4	2	-2	3	13
0.00010504690661328198	2	-2	3	2	-3	3	13
0.051465160357254014	4	-3	4	4	-4	4	13
0.056240374797887682	2	-2	4	2	-3	4	13
0.067212088227244671	2	-3	3	2	-4	3	13
0.080068645369254732	2	-2	3	2	-1	3	13
0.08598678064190679	5	1	1	5	0	1	13
0.036587896780528872	5	0	1	5	-1	1	13
0.066770528252193984	5	-1	1	4	-1	1	13
0.035657102229584403	4	-1	1	4	-2	1	13
0.06817381489843477	4	-2	1	3	-2	1	13
0.027752863872565037	3	-2	1	3	-3	1	13
0.038253799731737814	3	-3	1	4	-3	1	13
0.0079035377607681312	4	-3	1	4	-4	1	13
0.077164357910714187	4	-1	1	4	0	1	13
0.012652894342402021	4	0	1	4	0	2	13
0.0069170732055612305	4	0	2	4	1	2	13
0.015081617342712406	4	0	2	4	-1	2	13
0.05766154119800504	4	0	2	3	0	2	13
0.057809932604728331	4	0	1	3	0	1	13
0.064400538602205515	4	0	2	5	0	2	13
0.069200509783504671	4	-1	2	5	-1	2	13
0.011027918587199537	5	-1	2	6	-1	2	13
0.017229097495661705	6	-1	2	6	-2	2	13
0.040367351490410819	5	-1	2	5	-2	2	13
0.059325875296952546	6	-1	2	7	-1	2	13
0.071431984254775038	6	-2	2	6	-3	2	13
0.090290027576253706	5	4	1	5	3	1	13
0.094663566392943821	4	5	2	4	6	2	13
0.094804896120258775	1	2	2	1	2	3	13
0.042363499387856329	1	2	3	1	3	3	13
0.0058365374213149579	1	3	3	1	4	3	13
0.095234955216445982	5	4	0	5	5	0	13
0.04402915805441765	5	5	0	5	5	1	13
0.09576734061815273	2	5	2	1	5	2	13
0.0094606760157720515	1	5	2	0	5	2	13
0.095958170121813069	4	10	2	4	11	2	13
0.064821782105285664	4	11	2	4	12	2	13
0.0023384475071406285	4	12	2	5	12	2	13
0.0054067121691696585	4	12	2	4	13	2	13
0.044690137979782385	5	12	2	5	13	2	13
0.053951935321340017	4	12	2	4	12	3	13
0.0046624010064659771	4	12	3	4	11	3	13
0.065033010529782942	4	11	3	5	11	3	13
0.069274669652752863	5	12	2	5	12	1	13
0.072325920711491243	4	11	3	4	10	3	13
0.017883904784943283	4	10	3	5	10	3	13
0.039708686249920078	5	10	3	6	10	3	13
0.07248984966413019	4	13	2	4	14	2	13
0.035858087971173624	4	14	2	4	15	2	13
0.084131607959417209	5	10	3	5	10	2	13
0.079393360598247753	5	10	2	5	9	2	13
0.0052485949859342185	5	9	2	5	8	2	13
0.078317140905173943	5	8	2	5	8	3	13
0.051657679225852959	5	8	3	6	8	3	13
0.026271342140159248	6	8	3	6	9	3	13
0.079300309888364673	5	8	2	5	7	2	13
0.084748595527492476	6	8	3	6	7	3	13
0.064424644715103341	6	7	3	6	7	2	13
0.034178011406546638	6	7	2	6	6	2	13
0.052827039334308878	6	7	2	6	8	2	13
0.08095707984049838	6	6	2	6	6	1	13
0.019920266152924526	6	6	1	6	7	1	13
0.019045737826344222	6	7	1	7	7	1	13
0.017884571608750122	7	7	1	7	6	1	13
0.022020746773414146	7	6	1	7	5	1	13
0.0021773875843313917	7	5	1	7	4	1	13
0.010860357247672425	7	5	1	6	5	1	13
0.046685418969611092	7	4	1	7	3	1	13
0.00071471577172310674	7	3	1	7	2	1	13
0.019855605645823893	7	2	1	7	1	1	13
0.017841958689491122	7	1	1	8	1	1	13
0.013516788356774612	8	1	1	8	2	1	13
0.0039195743801947458	8	2	1	8	2	0	13
0.046601877815215076	7	1	1	6	1	1	13
0.047850567998597882	7	2	1	7	2	2	13
0.019334424893443725	7	2	2	8	2	2	13
0.027920530220346684	7	2	2	7	1	2	13
0.05682894627497781	7	2	2	7	3	2	13
0.058274047549014441	8	2	0	8	1	0	13
0.019616603648633379	8	1	0	8	0	0	13
0.073124635522471948	8	0	0	8	0	-1	13
0.021499523112186836	8	0	-1	9	0	-1	13
0.035111875451770302	8	0	-1	7	0	-1	13
0.0027504849181934077	7	0	-1	6	0	-1	13
0.014065972416990036	6	0	-1	6	-1	-1	13
0.028450237699712666	6	0	-1	6	1	-1	13
0.030023072107766779	6	-1	-1	5	-1	-1	13
0.056431795124449735	6	0	-1	6	0	-2	13
0.010161154182524612	6	0	-2	7	0	-2	13
0.066129562114170426	9	0	-1	10	0	-1	13
0.069357748910000794	6	0	-2	6	-1	-2	13
0.075223877298349784	7	0	-1	7	-1	-1	13
0.0065119530889248267	7	-1	-1	7	-1	0	13
0.043913725390459568	7	-1	0	7	0	0	13
0.075477978381726984	10	0	-1	10	1	-1	13
0.077907269695956849	6	0	-2	6	1	-2	13
0.086310691050835331	5	-1	-1	5	0	-1	13
0.062354124074294859	5	0	-1	5	1	-1	13
0.086676329210555458	5	12	1	5	11	1	13
0.088039593801216398	5	12	2	6	12	2	13
0.028826099506990666	6	12	2	6	11	2	13
0.038940558965082417	6	12	2	6	13	2	13
0.018478197728365231	6	13	2	7	13	2	13
0.057711748007847063	6	11	2	6	10	2	13
0.014407446863637929	6	10	2	7	10	2	13
0.033556464796946628	7	10	2	8	10	2	13
0.070335135684764793	8	10	2	9	10	2	13
0.051431949831570734	9	10	2	9	10	3	13
0.074601068371791257	7	10	2	7	11	2	13
0.042239024656684165	7	11	2	7	12	2	13
0.064340568801068088	7	12	2	7	12	3	13
0.022600036745619612	7	12	3	7	13	3	13
0.061467877686151695	7	12	3	7	11	3	13
0.052535376211000795	7	11	3	7	10	3	13
0.042436245374717352	7	10	3	7	9	3	13
0.054308965214819871	7	9	3	7	8	3	13
0.0027694705449583523	7	8	3	7	8	2	13
0.044250183763332451	7	8	3	7	7	3	13
0.052580023150412991	7	7	3	7	6	3	13
0.046629688178580153	7	6	3	7	5	3	13
0.049920981976423917	7	6	3	7	6	2	13
0.034082064055707129	7	6	2	7	7	2	13
0.072703184164964796	7	5	3	6	5	3	13
0.038142769055727221	6	5	3	6	6	3	13
0.075748035122400026	8	10	2	8	9	2	13
0.087163745053963737	8	9	2	8	9	1	13
0.089771602582625398	7	5	3	7	4	3	13
0.093767054454802157	6	8	2	6	9	2	13
0.094306858505039948	6	10	3	6	11	3	13
0.095218348014321386	6	11	3	6	12	3	13
0.096047012471869309	5	4	-1	5	5	-1	13
0.058571079826879924	5	5	-1	5	5	-2	13
0.018168426960063933	5	5	-2	5	4	-2	13
0.022867725003679951	5	5	-2	5	6	-2	13
0.042555565190621536	5	6	-2	5	6	-3	13
0.020566579660995288	5	6	-3	4	6	-3	13
0.026661307001269563	5	6	-3	5	7	-3	13
0.037878337480271362	4	6	-3	4	7	-3	13
0.074857135721948964	5	5	-1	6	5	-1	13
0.035072440345146561	6	5	-1	6	5	0	13
0.079669443523890493	4	6	-3	3	6	-3	13
0.04252884453768857	3	6	-3	3	5	-3	13
0.01829792721194945	3	5	-3	3	4	-3	13
0.044392885334239907	3	4	-3	4	4	-3	13
0.0029567566808283985	4	4	-3	4	3	-3	13
0.015367005704568726	4	3	-3	4	2	-3	13
0.067157969592303246	4	3	-3	3	3	-3	13
0.068950498672929683	4	3	-3	5	3	-3	13
0.030662528604066708	5	3	-3	5	2	-3	13
0.050618187323102859	5	3	-3	6	3	-3	13
0.052236330338844894	5	2	-3	5	1	-3	13
0.055968628420566269	6	3	-3	6	2	-3	13
0.079510444220169063	3	3	-3	3	3	-2	13
0.070787430603726165	3	3	-2	3	4	-2	13
0.086807962691978879	4	7	-3	4	8	-3	13
0.086399244347488136	4	8	-3	3	8	-3	13
0.088651427770474633	5	6	-3	5	5	-3	13
0.073680556723950907	5	5	-3	5	4	-3	13
0.092053360405245144	5	5	-2	6	5	-2	13
0.092777592567545142	3	4	-2	4	4	-2	13
0.040859972062968097	4	4	-2	4	3	-2	13
0.05612124738118851	4	3	-2	5	3	-2	13
0.073870705907536305	5	3	-2	6	3	-2	13
0.049910371934231534	6	3	-2	7	3	-2	13
0.096315542983699487	3	-2	4	3	-1	4	13
0.096370060401652857	4	-4	1	4	-5	1	13
0.062728360824209517	4	-5	1	4	-6	1	13
0.032283353338285359	4	-6	1	4	-7	1	13
0.014401716218786831	4	-7	1	4	-8	1	13
0.077428135839320511	4	-8	1	4	-9	1	13
0.070890178807704984	4	-9	1	4	-10	1	13
0.058624913907912912	4	-10	1	4	-10	0	13
0.068968094195746232	4	-10	0	3	-10	0	13
0.064098642091903635	3	-10	0	3	-11	0	13
0.092967302551404174	4	-9	1	5	-9	1	13
0.0054520568437759209	5	-9	1	5	-8	1	13
0.014537638932061725	5	-8	1	5	-8	2	13
0.068921062997965521	5	-8	2	4	-8	2	13
0.03629101903791998	4	-8	2	4	-9	2	13
0.050184625190318854	4	-9	2	5	-9	2	13
0.065801415951543873	5	-9	2	5	-9	3	13
0.069278250234613203	5	-9	2	5	-10	2	13
0.040686665003935474	5	-10	2	5	-10	3	13
0.03919315892577746	5	-10	3	5	-11	3	13
0.068758395120312343	5	-11	3	5	-11	4	13
0.015484852338590649	5	-11	4	5	-12	4	13
0.066492303612859516	5	-12	4	4	-12	4	13
0.018494000765874929	4	-12	4	3	-12	4	13
0.078387324559024307	5	-12	4	6	-12	4	13
0.08399318991983229	5	-9	1	6	-9	1	13
0.087754426940218622	6	-12	4	6	-11	4	13
0.089008848298639087	6	-12	4	6	-13	4	13
0.015452442026291813	6	-13	4	6	-14	4	13
0.093608485208744874	4	-12	4	4	-13	4	13
0.095499566567339933	5	-9	3	5	-8	3	13
0.096466719041723437	6	5	-2	7	5	-2	13
0.017423653335717937	7	5	-2	7	6	-2	13
0.042392643700279287	7	6	-2	7	7	-2	13
0.056837737716932679	7	6	-2	7	6	-3	13
0.078745846343088566	7	6	-3	7	5	-3	13
0.096898546592310453	5	-1	2	5	-1	3	13
0.015469830021766384	5	-1	3	6	-1	3	13
0.021683755023629736	5	-1	3	5	0	3	13
0.039927924825535754	6	-1	3	6	-2	3	13
0.0078885310906802175	6	-2	3	6	-3	3	13
0.021030494286092605	6	-3	3	6	-4	3	13
0.0033701514093458229	6	-4	3	6	-4	4	13
0.03619808249305656	6	-3	3	5	-3	3	13
0.040029167396883558	6	-1	3	6	0	3	13
0.011439477495716055	6	0	3	6	1	3	13
0.036552203331856603	6	1	3	6	2	3	13
0.0017634125492804742	6	2	3	6	2	2	13
0.041051387147076568	6	1	3	5	1	3	13
0.04159416706204766	5	1	3	4	1	3	13
0.051974398358137996	6	2	3	6	3	3	13
0.032704862175046756	6	3	3	5	3	3	13
0.00098330278467795296	5	3	3	5	2	3	13
0.043365630665579857	6	3	3	7	3	3	13
0.030397520387378307	7	3	3	8	3	3	13
0.052311768449033735	5	-3	3	5	-2	3	13
0.056095080201707503	6	0	3	6	0	4	13
0.092511746656752436	6	2	2	6	3	2	13
0.094419562907426702	4	1	3	4	0	3	13
0.096913655382600439	3	-5	4	2	-5	4	13
0.097836492025644262	4	4	-3	4	5	-3	13
0.097925575920092989	8	2	1	8	3	1	13
0.06435550511923438	8	3	1	8	4	1	13
0.072766248234024999	8	3	1	8	3	0	13
0.077954029273438863	8	3	1	8	3	2	13
0.098682524902836022	0	4	2	0	3	2	13
0.098750667497576217	5	-9	3	4	-9	3	13
0.025776798507878951	4	-9	3	4	-8	3	13
0.0083727159335804657	4	-8	3	4	-7	3	13
0.068945829129706482	4	-7	3	3	-7	3	13
0.099581833490164584	6	1	-2	6	2	-2	13
0.096104249880919923	6	2	-2	6	2	-1	13
0.10026417969799706	7	10	2	7	9	2	13
0.10041259833807636	7	-1	0	8	-1	0	14
0.08439398021139155	8	-1	0	8	-2	0	15
0.088955419880920594	8	-2	0	8	-3	0	15
0.028241755070517627	8	-3	0	9	-3	0	15
0.050549518992864861	8	-3	0	7	-3	0	15
0.020241877007222797	7	-3	0	7	-3	1	15
0.040121627382685432	7	-3	1	7	-2	1	15
0.0052576805549833239	7	-2	1	7	-2	2	15
0.019251813738739187	7	-2	1	6	-2	1	15
0.020183746991879303	7	-2	1	7	-2	0	15
0.04263720627523071	7	-2	1	8	-2	1	15
0.072857284214410178	6	-2	1	6	-3	1	15
0.075144576044687383	7	-2	1	7	-1	1	15
0.097574025621167237	7	-3	1	7	-3	2	15
0.098745511323805601	7	-3	2	7	-4	2	15
0.052088078088653234	7	-4	2	8	-4	2	15
0.059174864210955747	7	-4	2	7	-4	3	15
0.074540386277133663	7	-4	3	7	-5	3	15
0.087828122154035349	7	-4	3	7	-3	3	15
0.10115703861983327	5	3	1	5	2	1	15
0.10132644913078703	7	-4	2	7	-5	2	16
0.10133760101554667	4	-8	2	4	-7	2	17
0.10156358748279182	4	1	3	4	2	3	18
0.10221793395513235	4	3	2	4	2	2	19
0.10260665744720221	2	13	2	2	14	2	20
0.1027108365051248	4	-7	2	3	-7	2	21
0.033154290562659838	3	-7	2	2	-7	2	22
0.038079343933993925	2	-7	2	2	-7	1	22
0.0047317032919194091	2	-7	1	2	-6	1	22
0.061530920105962394	2	-7	2	2	-6	2	22
0.10294487320655676	3	13	2	3	13	3	22
0.04401726488971125	3	13	3	3	14	3	23
0.103068959831357	5	-8	1	5	-7	1	23
0.040834259370416071	5	-7	1	5	-6	1	24
0.04968016273318554	5	-7	1	5	-7	0	24
0.024223270424779564	5	-7	0	5	-6	0	24
0.066324477759318157	5	-7	0	5	-8	0	24
0.059986639526799834	5	-8	0	5	-9	0	24
0.018899945393476614	5	-9	0	5	-10	0	24
0.099029003204808674	5	-8	0	5	-8	-1	24
0.081004765378763111	5	-8	-1	5	-7	-1	24
0.094528453829187953	5	-7	-1	4	-7	-1	24
0.073614579881444264	4	-7	-1	4	-6	-1	24
0.050178615950734695	4	-6	-1	3	-6	-1	24
0.049303327613374748	3	-6	-1	3	-7	-1	24
0.094639945112832358	5	-8	-1	5	-9	-1	24
0.053469102977567573	5	-9	-1	5	-10	-1	24
0.10093837377668535	4	-7	-1	4	-8	-1	24
0.09537098065576366	4	-8	-1	3	-8	-1	25
0.077229219978795172	3	-8	-1	3	-9	-1	25
0.047388705942279508	3	-9	-1	3	-10	-1	25
0.050843100833153798	3	-9	-1	4	-9	-1	25
0.052748709228568558	4	-9	-1	4	-10	-1	25
0.10060436404228401	3	-10	-1	3	-11	-1	25
0.02236846681417326	3	-11	-1	2	-11	-1	26
0.055954537989865827	2	-11	-1	2	-10	-1	26
0.10274352474788806	2	-11	-1	1	-11	-1	26
0.097451545968545439	1	-11	-1	1	-10	-1	27
0.0033523727420767813	1	-10	-1	0	-10	-1	27
0.042717931311594626	1	-10	-1	1	-9	-1	27
0.060507837146730914	0	-10	-1	0	-11	-1	27
0.086408576482458699	1	-9	-1	2	-9	-1	27
0.088676073166624292	0	-11	-1	0	-12	-1	27
0.1031688301692002	2	-4	3	2	-5	3	27
0.064586516803199601	2	-5	3	2	-6	3	28
0.10326662013281585	7	7	-2	6	7	-2	28
0.026962386054231402	6	7	-2	5	7	-2	29
0.090112987813752987	6	7	-2	6	6	-2	29
0.10334784611361769	1	-9	-1	1	-8	-1	29
0.090145251463734866	1	-8	-1	0	-8	-1	30
0.011808803794619571	0	-8	-1	0	-7	-1	30
0.050135189750236009	0	-7	-1	-1	-7	-1	30
0.031833940995291243	-1	-7	-1	-1	-7	0	30
0.056037489185886358	0	-8	-1	0	-9	-1	30
0.069763063317818563	0	-9	-1	-1	-9	-1	30
0.028764614865284699	-1	-9	-1	-1	-9	0	30
0.037663581815507996	-1	-9	-1	-1	-9	-2	30
0.046209667720849446	-1	-9	-1	-1	-10	-1	30
0.048846328855761456	-1	-9	-1	-1	-8	-1	30
0.077782654997182732	-1	-10	-1	-1	-10	-2	30
0.071126751617313744	-1	-10	-2	-1	-11	-2	30
0.0099615297078079479	-1	-11	-2	-1	-12	-2	30
0.064051360668919699	-1	-11	-2	-2	-11	-2	30
0.038418547998369412	-2	-11	-2	-2	-12	-2	30
0.052361273639368378	-2	-11	-2	-2	-10	-2	30
0.081561245326795984	-1	-10	-1	-2	-10	-1	30
0.084485430830216757	-2	-12	-2	-3	-12	-2	30
0.03407719151885491	-3	-12	-2	-3	-11	-2	30
0.10364479971969409	-1	5	1	-1	4	1	30
0.10389566710270692	3	5	3	3	4	3	31
0.036977238570335302	3	4	3	4	4	3	32
0.016540102086204378	4	4	3	4	3	3	32
0.10430698702365859	7	0	-2	7	-1	-2	32
0.10432644520204448	4	11	1	4	12	1	33
0.10453987536563147	3	9	1	3	8	1	34
0.088314008923202181	3	8	1	3	8	0	35
0.0044048771239744156	3	8	0	3	9	0	35
0.10468298544548915	0	-12	-1	1	-12	-1	35
0.10479580413529099	7	-5	2	7	-6	2	36
0.09000787758549933	7	-6	2	7	-6	3	37
0.091463548280291462	7	-6	2	7	-6	1	37
0.0056054403207479453	7	-6	1	7	-5	1	37
0.02612864502658141	7	-6	1	8	-6	1	37
0.022377018473449084	8	-6	1	8	-7	1	37
0.025123687556281915	8	-6	1	8	-5	1	37
0.027810675900450832	8	-7	1	8	-7	2	37
0.016078366928232057	8	-7	2	8	-8	2	37
0.030265830317539155	8	-7	2	7	-7	2	37
0.020500792101118215	7	-7	2	7	-8	2	37
0.039855096078134977	8	-7	1	7	-7	1	37
0.034079239243068216	7	-7	1	6	-7	1	37
0.039210432499208636	7	-7	1	7	-8	1	37
0.046239757141481874	6	-7	1	6	-7	2	37
0.077037754579184714	7	-8	2	7	-9	2	37
0.07824744608738321	6	-7	1	6	-8	1	37
0.10056657591863871	7	-5	1	7	-4	1	37
0.055374120494429135	7	-4	1	8	-4	1	38
0.10479990324551647	1	0	1	1	1	1	38
0.0031379997931395565	1	1	1	0	1	1	39
0.10525810713447559	7	3	-2	7	2	-2	39
0.02656531440007992	7	2	-2	7	1	-2	40
0.10527157523052733	8	9	2	8	8	2	40
0.0048662239856085421	8	8	2	8	8	1	41
0.072480594722573954	8	8	1	9	8	1	41
0.052375779332376027	9	8	1	9	9	1	41
0.08250961320150374	9	8	1	10	8	1	41
0.10541721505964308	8	3	3	8	4	3	41
0.10553571372591009	2	-6	3	2	-6	4	42
0.019929743024039936	2	-6	4	2	-6	5	43
0.057738163190984793	2	-6	5	2	-5	5	43
0.029014707096077785	2	-5	5	1	-5	5	43
0.04159774841997077	1	-5	5	1	-6	5	43
0.0097177828740768746	1	-6	5	1	-7	5	43
0.031004902312822935	1	-7	5	0	-7	5	43
0.053749722059877492	2	-5	5	2	-4	5	43
0.095237072738783013	0	-7	5	-1	-7	5	43
0.094324669367108704	-1	-7	5	-1	-6	5	43
0.094439182065929828	-1	-7	5	-1	-8	5	43
0.097174390710405234	2	-6	4	1	-6	4	43
0.098610253214355126	1	-7	5	2	-7	5	43
0.054613130402797694	2	-7	5	2	-8	5	43
0.037481286522199397	2	-8	5	3	-8	5	43
0.076082470847897987	2	-8	5	2	-9	5	43
0.021670935971470406	2	-9	5	2	-10	5	43
0.079381755397648135	2	-10	5	3	-10	5	43
0.050068031987145822	3	-10	5	3	-11	5	43
0.096939333689061158	2	-9	5	2	-9	6	43
0.10066533071196204	2	-6	5	3	-6	5	43
0.06146195837178503	3	-6	5	3	-7	5	44
0.099649441767553526	3	-7	5	3	-7	4	44
0.059182008130007624	3	-7	4	3	-8	4	44
0.014824694916401704	3	-8	4	3	-9	4	44
0.010567871090122694	3	-9	4	3	-10	4	44
0.020802584495891452	3	-10	4	3	-11	4	44
0.040975109577452429	3	-9	4	4	-9	4	44
0.085685680070545445	3	-10	4	2	-10	4	44
0.089547667203575543	3	-8	4	2	-8	4	44
0.037279021998060102	2	-8	4	2	-7	4	44
0.050814840019763885	2	-8	4	2	-9	4	44
0.10513943867300846	0	-7	5	0	-8	5	44
0.10570899157861202	4	-7	2	4	-6	2	45
0.0074736514289019951	4	-6	2	4	-5	2	46
0.037449050765540726	4	-5	2	4	-4	2	46
0.0025711766259135516	4	-4	2	3	-4	2	46
0.0041144728539164177	3	-4	2	3	-3	2	46
0.038023227480663557	4	-4	2	4	-3	2	46
0.078540727233725072	4	-3	2	4	-2	2	46
0.07873153950666989	4	-2	2	4	-2	3	46
0.01176448172917155	4	-2	3	4	-3	3	46
0.076522362443383507	4	-2	3	4	-1	3	46
0.10573204967312311	4	10	1	4	9	1	46
0.1057381443592984	6	3	2	6	4	2	47
0.041927056113388872	6	4	2	6	5	2	48
0.10622040808628697	9	10	3	9	10	4	48
0.10629283597570094	4	-4	1	3	-4	1	49
0.10647340508611158	2	5	3	2	4	3	50
0.10648848774702824	8	-7	1	8	-8	1	51
0.036343758045221719	8	-8	1	9	-8	1	52
0.046480693329201017	8	-8	1	8	-9	1	52
0.0007012631540455061	8	-9	1	8	-9	0	52
0.013402238210501238	8	-9	0	7	-9	0	52
0.024894903060371121	8	-9	1	9	-9	1	52
0.0011574001545415769	9	-9	1	10	-9	1	52
0.019555434800974325	10	-9	1	10	-8	1	52
0.039988584399318405	8	-9	0	8	-10	0	52
0.023465680473965023	8	-10	0	8	-10	-1	52
0.061725624658413913	10	-9	1	10	-10	1	52
0.067391569241850746	8	-9	1	8	-10	1	52
0.035823932909170964	8	-10	1	9	-10	1	52
0.036105421040222296	8	-10	1	8	-11	1	52
0.0050098748681737248	8	-11	1	7	-11	1	52
0.047561233071912845	7	-11	1	7	-12	1	52
0.07131389253074083	8	-10	-1	8	-9	-1	52
0.074203176539286098	9	-10	1	9	-11	1	52
0.083602250142573276	7	-9	0	7	-8	0	52
0.084503930703469621	9	-10	1	9	-10	0	52
0.079369604124838844	9	-10	0	9	-10	-1	52
0.035801708412395605	9	-10	-1	9	-9	-1	52
0.085355511204194379	10	-8	1	10	-7	1	52
0.05702767024059785	10	-7	1	10	-6	1	52
0.089984694931619202	7	-9	0	7	-10	0	52
0.018105337733313576	7	-10	0	7	-11	0	52
0.090984687174106682	8	-9	0	9	-9	0	52
0.094976161693088201	9	-11	1	9	-12	1	52
0.0050047181418868547	9	-12	1	8	-12	1	52
0.026963458390214967	8	-12	1	8	-13	1	52
0.039671907296608744	9	-12	1	9	-13	1	52
0.081745322488967709	9	-13	1	9	-14	1	52
0.082936004385603113	9	-14	1	8	-14	1	52
0.043330054222561643	8	-14	1	8	-15	1	52
0.049677315011319223	8	-14	1	8	-14	2	52
0.0081657274088176024	8	-14	2	9	-14	2	52
0.00525045909968469	9	-14	2	10	-14	2	52
0.014107555365546531	10	-14	2	10	-13	2	52
0.025299592483822408	10	-13	2	10	-12	2	52
0.025749222972656582	8	-14	2	7	-14	2	52
0.016187367708248246	7	-14	2	6	-14	2	52
0.046013599781354664	10	-14	2	10	-15	2	52
0.03755579825244304	10	-15	2	9	-15	2	52
0.047166335365571577	6	-14	2	6	-15	2	52
0.06318522787170977	10	-15	2	10	-15	1	52
0.030061626905718342	10	-15	1	10	-16	1	52
0.012323478993001125	10	-16	1	10	-17	1	52
0.0077684837975358079	10	-17	1	9	-17	1	52
0.017818338361053065	10	-17	1	10	-18	1	52
0.028671451392572322	10	-16	1	9	-16	1	52
0.058117131760794472	10	-15	1	10	-14	1	52
0.0093108780863202512	10	-14	1	10	-13	1	52
0.064227693260070495	7	-14	2	7	-15	2	52
0.036087619406943716	7	-15	2	8	-15	2	52
0.058043088094295925	8	-15	2	8	-16	2	52
0.041500980528198284	8	-16	2	8	-16	1	52
0.0013660070531695823	8	-16	1	7	-16	1	52
0.024374587850036988	7	-16	1	7	-16	2	52
0.047807663543915524	8	-16	1	8	-17	1	52
0.06556000705109355	10	-16	1	10	-16	2	52
0.07444607542252335	10	-16	2	10	-17	2	52
0.076309278324716345	7	-16	2	7	-17	2	52
0.051248515005018369	7	-17	2	7	-18	2	52
0.028787165235542034	7	-18	2	7	-19	2	52
0.012935196590773579	7	-19	2	7	-20	2	52
0.033392247251761376	7	-19	2	6	-19	2	52
0.078584861189460398	9	-16	1	9	-15	1	52
0.079337699010695317	7	-20	2	7	-21	2	52
0.0001364770996152842	7	-21	2	7	-22	2	52
0.080254471866311405	10	-14	1	11	-14	1	52
0.047057270558800823	11	-14	1	11	-13	1	52
0.081487288116536938	10	-12	2	10	-11	2	52
0.0087088784314079959	10	-11	2	9	-11	2	52
0.082257747307727058	8	-17	1	8	-18	1	52
0.082493047037403677	7	-16	1	7	-17	1	52
0.086542130366702885	8	-16	2	8	-17	2	52
0.088895878995135291	10	-13	2	11	-13	2	52
0.08916682799228326	9	-11	2	9	-12	2	52
0.092111187461744848	10	-16	1	11	-16	1	52
0.036189992377384961	11	-16	1	11	-17	1	52
0.025183027643091549	11	-17	1	12	-17	1	52
0.0059296843744043315	12	-17	1	12	-18	1	52
0.034965890795231047	12	-18	1	12	-18	2	52
0.093336331474972667	9	-13	1	9	-13	2	52
0.096472422258101709	8	-14	2	8	-13	2	52
0.045998909656636222	8	-13	2	8	-12	2	52
0.01831672256512995	8	-12	2	7	-12	2	52
0.019475232181378033	7	-12	2	6	-12	2	52
0.02704873621757109	8	-12	2	8	-11	2	52
0.048007910104702844	8	-11	2	8	-10	2	52
0.0018525687116959233	8	-10	2	7	-10	2	52
0.028468664843776637	7	-10	2	6	-10	2	52
0.032526590040680148	8	-10	2	8	-9	2	52
0.070470681202516872	7	-12	2	7	-13	2	52
0.085729895417909319	8	-13	2	8	-13	3	52
0.015894457916868276	8	-13	3	7	-13	3	52
0.019905100309703272	7	-13	3	7	-14	3	52
0.032761043438240378	8	-13	3	9	-13	3	52
0.069197875840739442	7	-13	3	7	-13	4	52
0.010529025292890459	7	-13	4	7	-12	4	52
0.014604496526050781	7	-12	4	7	-11	4	52
0.034048890146687327	7	-12	4	8	-12	4	52
0.069659778228920999	7	-14	3	7	-14	4	52
0.072126752100743374	8	-13	3	8	-13	4	52
0.072824507870432598	7	-12	4	7	-12	5	52
0.056345743747201915	7	-12	5	7	-11	5	52
0.0095153052034309127	7	-11	5	6	-11	5	52
0.018012455092943469	6	-11	5	6	-12	5	52
0.056352734934431936	6	-11	5	5	-11	5	52
0.022282260609200577	5	-11	5	5	-10	5	52
0.064546436512217475	5	-11	5	5	-12	5	52
0.071818025350677495	6	-12	5	6	-13	5	52
0.027109545347852482	6	-13	5	6	-14	5	52
0.05606277837533824	6	-13	5	5	-13	5	52
0.019786735937376676	5	-13	5	4	-13	5	52
0.044298399719352233	4	-13	5	4	-13	6	52
0.069645650763498601	4	-13	5	4	-14	5	52
0.086181129528656975	4	-14	5	4	-15	5	52
0.087353816938033901	8	-9	2	9	-9	2	52
0.0073366763202216134	9	-9	2	10	-9	2	52
0.031740528831276649	10	-9	2	10	-10	2	52
0.02163600591137893	10	-10	2	10	-10	3	52
0.052222789536705783	10	-10	3	10	-9	3	52
0.044832002129709281	10	-9	3	11	-9	3	52
0.013606789931601249	11	-9	3	11	-10	3	52
0.0051346318118890011	11	-10	3	11	-11	3	52
0.067313336509908339	11	-11	3	12	-11	3	52
0.07083206659809882	11	-9	3	11	-8	3	52
0.038632355095364446	11	-8	3	10	-8	3	52
0.018618669697650247	10	-8	3	10	-7	3	52
0.0053291510162605249	10	-7	3	11	-7	3	52
0.075393408662009165	10	-8	3	10	-8	2	52
0.078657046797501629	12	-11	3	12	-12	3	52
0.0087769935396488918	12	-12	3	12	-13	3	52
0.08407094528902892	11	-7	3	11	-6	3	52
0.087856935147940796	6	-12	2	6	-13	2	52
0.089649202827800423	11	-8	3	12	-8	3	52
0.065501538915313517	12	-8	3	12	-7	3	52
0.016453732838143331	12	-7	3	12	-6	3	52
0.023304586031759555	12	-7	3	12	-7	2	52
0.021476031602239765	12	-7	2	12	-6	2	52
0.049335966781306695	12	-7	2	11	-7	2	52
0.051832173991985364	12	-6	3	12	-5	3	52
0.0159903396709975	12	-5	3	13	-5	3	52
0.046439424448536215	13	-5	3	13	-6	3	52
0.057311457902422092	11	-7	2	10	-7	2	52
0.06810187632548903	11	-7	2	11	-7	1	52
0.018237502365154867	11	-7	1	11	-8	1	52
0.051377752490455286	11	-7	1	11	-6	1	52
0.068549137970144614	12	-7	2	12	-7	1	52
0.082621786074950521	10	-7	2	9	-7	2	52
0.018780263742274705	9	-7	2	9	-6	2	52
0.047375547868428569	9	-7	2	9	-8	2	52
0.059858142007237269	9	-6	2	9	-5	2	52
0.070642113718140109	9	-6	2	9	-6	3	52
0.09055185276290878	7	-10	2	7	-11	2	52
0.093316782371609897	8	-13	3	8	-12	3	52
0.093742929590291624	8	-13	3	8	-14	3	52
0.058340163605540951	8	-14	3	9	-14	3	52
0.0083286408193892214	9	-14	3	9	-14	4	52
0.010051684186358045	9	-14	3	10	-14	3	52
0.094018857352122787	7	-13	3	7	-12	3	52
0.094468441733461361	4	-15	5	4	-15	6	52
0.047383544307786352	4	-15	6	3	-15	6	52
0.098038844332378083	9	-5	2	9	-4	2	52
0.016066783971089293	9	-4	2	9	-3	2	52
0.1001104232735095	11	-13	1	12	-13	1	52
0.025814887995680103	12	-13	1	12	-12	1	53
0.033134103678616356	12	-12	1	12	-12	2	53
0.052170784209415011	12	-12	1	12	-11	1	53
0.006158667460992362	12	-11	1	11	-11	1	53
0.099345877691913387	12	-13	1	13	-13	1	53
0.0012261757904434845	13	-13	1	13	-12	1	53
0.044172482741368313	13	-12	1	14	-12	1	53
0.049471386527674355	13	-12	1	13	-11	1	53
0.10064165984816498	12	-12	2	12	-11	2	53
0.057616534991680624	12	-11	2	12	-10	2	54
0.10153187448345591	10	-10	2	11	-10	2	54
0.10205940880072628	12	-7	1	12	-6	1	55
0.10522224501912802	13	-12	1	13	-12	0	56
0.059533354336232414	13	-12	0	13	-11	0	57
0.013133411475482859	13	-11	0	13	-10	0	57
0.09282262578377054	13	-10	0	13	-9	0	57
0.033073183522237315	13	-9	0	13	-9	-1	57
0.012933971289925239	13	-9	-1	14	-9	-1	57
0.060575121163993551	14	-9	-1	14	-8	-1	57
0.091401820638123965	13	-9	0	12	-9	0	57
0.041448080694744149	12	-9	0	12	-10	0	57
0.048145331521471491	12	-10	0	12	-10	1	57
0.072714871303574569	12	-10	1	11	-10	1	57
0.091670656810984852	14	-8	-1	15	-8	-1	57
0.098600579633494334	13	-12	0	12	-12	0	57
0.052297521331258423	12	-12	0	12	-13	0	57
0.0013745077295865826	12	-13	0	12	-14	0	57
0.012209247860247352	12	-14	0	12	-15	0	57
0.09979944582806155	12	-14	0	11	-14	0	57
0.0088451305241008527	11	-14	0	10	-14	0	57
0.037288908388535269	10	-14	0	10	-13	0	57
0.10504145723581537	12	-13	0	11	-13	0	57
0.10578879887060033	12	-6	2	12	-5	2	58
0.10650940020122501	2	-10	4	2	-11	4	59
0.033898439856720586	2	-11	4	2	-12	4	60
0.080201638388794905	2	-12	4	1	-12	4	60
0.039159950883231431	1	-12	4	1	-11	4	60
0.056919013374623795	1	-11	4	1	-10	4	60
0.039896960735336329	1	-10	4	1	-9	4	60
0.040934012350042792	1	-9	4	0	-9	4	60
0.019512627116407444	0	-9	4	0	-10	4	60
0.073522435453496016	0	-10	4	-1	-10	4	60
0.012028670274847997	-1	-10	4	-1	-10	5	60
0.026976209490685576	-1	-10	4	-1	-9	4	60
0.04196562817816929	-1	-10	5	-1	-9	5	60
0.079086396671328885	-1	-10	5	-1	-11	5	60
0.083618110751995545	-1	-11	5	-1	-12	5	60
0.031586176597552473	-1	-12	5	-1	-13	5	60
0.050718367587172963	-1	-13	5	-1	-13	6	60
0.023354970635738326	-1	-13	6	-1	-12	6	60
0.035398301611888172	-1	-12	6	-2	-12	6	60
0.027126464293420582	-2	-12	6	-2	-13	6	60
0.057639124993187352	-1	-12	5	-2	-12	5	60
0.064498290600018215	-1	-13	6	-1	-14	6	60
0.0027841977827405273	-1	-14	6	-1	-15	6	60
0.066125122714762341	-2	-13	6	-2	-13	7	60
0.029648359029853744	-2	-13	7	-2	-14	7	60
0.018021106165718948	-2	-14	7	-2	-15	7	60
0.031294834629436608	-2	-13	7	-2	-12	7	60
0.082627885157852354	-2	-12	5	-2	-11	5	60
0.022088430334072484	-2	-11	5	-2	-11	6	60
0.059704547698578914	-2	-11	5	-2	-10	5	60
0.042102064442345544	-2	-10	5	-2	-9	5	60
0.069812375584639597	-2	-10	5	-3	-10	5	60
0.0018618509838770336	-3	-10	5	-3	-11	5	60
0.075745175489198679	-2	-11	6	-2	-10	6	60
0.023503487355553077	-2	-10	6	-2	-9	6	60
0.084127904279711174	-2	-11	6	-3	-11	6	60
0.033117405329653238	-3	-11	6	-3	-12	6	60
0.084478554205047018	-1	-15	6	-2	-15	6	60
0.033536624040591434	-2	-15	6	-2	-16	6	60
0.018352052004606101	-2	-16	6	-2	-17	6	60
0.061975192129699153	-2	-16	6	-1	-16	6	60
0.022150878030434029	-1	-16	6	-1	-17	6	60
0.0085191493891176862	-1	-17	6	0	-17	6	60
0.067875630142118837	0	-17	6	0	-17	5	60
0.043992698121472884	0	-17	5	1	-17	5	60
0.02770336716003019	1	-17	5	1	-18	5	60
0.051810684466730095	1	-17	5	1	-17	4	60
0.049051448358966354	1	-17	4	1	-16	4	60
0.048487810854366487	1	-16	4	1	-15	4	60
0.051081533141539737	1	-16	4	0	-16	4	60
0.054923580663038152	0	-17	5	0	-18	5	60
0.048868479793362951	0	-18	5	0	-18	4	60
0.07053269778135185	0	-17	6	0	-18	6	60
0.062562601249787519	0	-18	6	-1	-18	6	60
0.020703957952910912	-1	-18	6	-1	-18	7	60
0.0032941068252787531	-1	-18	7	-1	-17	7	60
0.07100306058826078	1	-16	4	1	-16	5	60
0.042958250175011869	1	-16	5	2	-16	5	60
0.029670317538244895	2	-16	5	2	-17	5	60
0.07860288693827755	0	-18	4	0	-17	4	60
0.087308779008942849	1	-9	4	1	-9	5	60
0.043408112742006288	1	-9	5	1	-10	5	60
0.031967891555119365	1	-10	5	1	-10	6	60
0.0077847150954433175	1	-10	6	2	-10	6	60
0.033053109033748029	1	-10	6	1	-9	6	60
0.08887115829625003	-3	-11	6	-4	-11	6	60
0.091737665964783943	-1	-18	7	-1	-19	7	60
0.094266059730866658	-2	-17	6	-2	-17	5	60
0.0932950264900132	-2	-17	5	-1	-17	5	60
0.099947071567665802	0	-18	4	0	-18	3	60
0.021192567200766455	0	-18	3	0	-17	3	60
0.049777437794675805	0	-18	3	1	-18	3	60
0.084234595531090584	1	-18	3	1	-19	3	60
0.10116675151505028	-2	-10	6	-3	-10	6	60
0.05097341845786918	-3	-10	6	-3	-9	6	61
0.028543499355404123	-3	-9	6	-3	-9	5	61
0.087397510640419895	-3	-9	5	-4	-9	5	61
0.031704918545603533	-4	-9	5	-4	-9	6	61
0.051570938596321447	-4	-9	5	-4	-10	5	61
0.10186817769395695	0	-10	4	0	-11	4	61
0.062040677782396081	0	-11	4	0	-12	4	62
0.056904896271981364	0	-12	4	0	-13	4	62
0.10250031784288627	-1	-10	4	-1	-11	4	62
0.10275936895858884	-2	-17	6	-3	-17	6	63
0.023760913074749368	-3	-17	6	-3	-17	5	64
0.016212001621064509	-3	-17	5	-3	-16	5	64
0.079820603908093979	-3	-17	6	-3	-16	6	64
0.079997176225592881	-3	-17	6	-4	-17	6	64
0.074516802161536333	-4	-17	6	-4	-16	6	64
0.07674327176267326	-4	-17	6	-4	-17	5	64
0.023628683936511408	-4	-17	5	-4	-16	5	64
0.0107792745505364	-4	-16	5	-4	-15	5	64
0.066220359608374579	-4	-15	5	-3	-15	5	64
0.036993490451241229	-3	-15	5	-3	-15	4	64
0.0089949815844718728	-3	-15	4	-4	-15	4	64
0.075571447523715918	-4	-15	4	-4	-16	4	64
0.046740512397398959	-4	-16	4	-3	-16	4	64
0.037752484646001783	-3	-16	4	-3	-17	4	64
0.027468733877208606	-3	-17	4	-2	-17	4	64
0.078488763559451336	-2	-17	4	-2	-18	4	64
0.090241389242030401	-4	-15	5	-4	-14	5	64
0.1015657656169795	-4	-14	5	-4	-13	5	64
0.043543814382225321	-4	-13	5	-4	-12	5	65
0.060228510095722498	-4	-13	5	-4	-13	4	65
0.035295669819150888	-4	-13	4	-3	-13	4	65
0.063853634460425468	-4	-13	5	-3	-13	5	65
0.013618915097566742	-3	-13	5	-3	-13	6	65
0.068020825929819395	-3	-13	4	-3	-12	4	65
0.05348483244678981	-3	-12	4	-2	-12	4	65
0.05086901850520853	-2	-12	4	-2	-11	4	65
0.0025024712222432299	-2	-11	4	-2	-11	3	65
0.02467578797955472	-2	-11	3	-2	-12	3	65
0.026636577417114893	-2	-11	3	-1	-11	3	65
0.033876315515078304	-2	-11	3	-2	-10	3	65
0.088544935653819934	-2	-12	3	-1	-12	3	65
0.057566362218466338	-1	-12	3	-1	-13	3	65
0.090234131965562625	-3	-12	4	-3	-12	5	65
0.10237496165818349	-1	-11	3	-1	-10	3	65
0.050372247428221328	-1	-10	3	-1	-9	3	66
0.094965963848373747	-1	-10	3	-1	-10	2	66
0.10315384367133262	-1	-9	3	-1	-8	3	66
0.10388510523375238	-4	-9	6	-4	-8	6	67
0.045195964647139597	-4	-8	6	-4	-7	6	68
0.055014993801009382	-4	-7	6	-4	-7	7	68
0.023658556317062818	-4	-7	7	-4	-6	7	68
0.043715885143791766	-4	-7	7	-5	-7	7	68
0.039768006605179984	-5	-7	7	-5	-8	7	68
0.025786780225320882	-5	-8	7	-5	-9	7	68
0.044296955848825093	-4	-7	7	-3	-7	7	68
0.0085856373815342835	-3	-7	7	-3	-8	7	68
0.047533017385425147	-3	-7	7	-3	-6	7	68
0.069745135563537453	-3	-6	7	-3	-5	7	68
0.036360553164460185	-3	-5	7	-2	-5	7	68
0.036730372147687262	-2	-5	7	-2	-4	7	68
0.039587256208046817	-2	-5	7	-2	-6	7	68
0.069120471122788629	-2	-6	7	-2	-7	7	68
0.066927758810740201	-2	-7	7	-2	-8	7	68
0.037120351191466838	-2	-8	7	-1	-8	7	68
0.025477744813387382	-1	-8	7	-1	-9	7	68
0.027740495830823164	-1	-9	7	-1	-10	7	68
0.06199838242778366	-1	-10	7	-1	-11	7	68
0.037174430642293643	-1	-11	7	-2	-11	7	68
0.01665162443309498	-2	-11	7	-3	-11	7	68
0.0073775816398358174	-3	-11	7	-3	-12	7	68
0.071229761654026724	-2	-11	7	-2	-10	7	68
0.072684165189935257	-5	-8	7	-6	-8	7	68
0.050213654699895471	-6	-8	7	-6	-9	7	68
0.079066398493063517	-2	-8	7	-2	-9	7	68
0.080631659019681834	-6	-9	7	-7	-9	7	68
0.080938613490218358	-5	-8	7	-5	-8	8	68
0.099672335899810172	-4	-7	7	-4	-8	7	68
0.067408086842009496	-4	-8	7	-4	-9	7	68
0.10040378174236508	-1	-11	7	0	-11	7	68
0.020917596225951129	0	-11	7	0	-12	7	69
0.0017125699691256102	0	-12	7	-1	-12	7	69
0.0078229796932189899	-1	-12	7	-1	-13	7	69
0.047838203123991008	0	-12	7	0	-12	8	69
0.054065862966874434	-1	-13	7	0	-13	7	69
0.092007589969365533	0	-12	8	0	-13	8	69
0.099871347877225958	0	-13	8	-1	-13	8	69
0.10404601245087708	-3	-8	7	-3	-9	7	69
0.10537272345449189	1	-16	5	0	-16	5	70
0.091050720259849172	0	-16	5	-1	-16	5	71
0.0018264548695858807	-1	-16	5	-1	-15	5	71
0.013168001344725511	-1	-15	5	0	-15	5	71
0.020253445776421408	-1	-15	5	-1	-14	5	71
0.10662218178617167	7	-11	2	6	-11	2	71
0.10664580029895276	10	-17	2	10	-17	3	72
0.10668463083359558	5	-1	-1	5	-2	-1	73
0.033315505271125367	5	-2	-1	5	-3	-1	74
0.084178457448652821	5	-2	-1	6	-2	-1	74
0.10649170658452611	5	-3	-1	4	-3	-1	74
0.046831102224791366	4	-3	-1	3	-3	-1	75
0.10669868635248392	9	-13	1	9	-13	0	75
0.024745778222797554	9	-13	0	9	-14	0	76
0.013788823835427344	9	-14	0	9	-15	0	76
0.0092080312514797313	9	-15	0	9	-16	0	76
0.042038493201273397	9	-16	0	10	-16	0	76
0.055064980675436637	10	-16	0	10	-17	0	76
0.058532855415306173	10	-17	0	11	-17	0	76
0.015210936117485474	11	-17	0	11	-16	0	76
0.083178759077881637	9	-16	0	9	-16	-1	76
0.060463972367159613	9	-16	-1	10	-16	-1	76
0.037854419264546024	10	-16	-1	10	-15	-1	76
0.028246288439557787	10	-15	-1	10	-14	-1	76
0.061269879188866838	10	-14	-1	10	-14	-2	76
0.030857404583627179	10	-14	-2	10	-15	-2	76
0.083092229064366308	10	-15	-1	11	-15	-1	76
0.084859277046978931	11	-16	0	11	-15	0	76
0.088285458785913207	10	-16	0	10	-15	0	76
0.089115809966801685	10	-15	-2	10	-16	-2	76
0.0074598852360345802	10	-16	-2	10	-17	-2	76
0.089361805771944525	10	-16	-1	10	-17	-1	76
0.094334212658947258	9	-16	-1	9	-17	-1	76
0.067786148674514379	9	-17	-1	9	-18	-1	76
0.00085376162574135606	9	-18	-1	9	-18	-2	76
0.025058435795104472	9	-18	-2	9	-19	-2	76
0.027979540153928895	9	-18	-1	8	-18	-1	76
0.04044241498666068	8	-18	-1	8	-19	-1	76
0.024486205551883522	8	-19	-1	8	-20	-1	76
0.0145609852603652	8	-20	-1	8	-21	-1	76
0.01923795737922962	8	-21	-1	8	-22	-1	76
0.01164050419641427	8	-22	-1	8	-23	-1	76
0.032871069737473668	8	-23	-1	8	-24	-1	76
0.043714775918928694	8	-19	-1	7	-19	-1	76
0.04396466135285948	9	-18	-2	8	-18	-2	76
0.045005273634189713	7	-19	-1	7	-20	-1	76
0.033952310226919025	7	-20	-1	6	-20	-1	76
0.061580233655461392	9	-18	-1	9	-19	-1	76
0.062349017699618869	8	-18	-2	8	-17	-2	76
0.065969837016731425	7	-20	-1	7	-21	-1	76
0.070776887717351578	9	-19	-2	9	-20	-2	76
0.059444889087423292	9	-20	-2	8	-20	-2	76
0.03323275641724166	8	-20	-2	8	-19	-2	76
0.076951943650470866	8	-17	-2	8	-17	-1	76
0.013549493962917936	8	-17	-1	8	-16	-1	76
0.014255037368704038	8	-16	-1	7	-16	-1	76
0.042558406752329248	8	-16	-1	8	-15	-1	76
0.039528703032441825	8	-15	-1	8	-14	-1	76
0.083012502258245746	8	-24	-1	8	-24	-2	76
0.081490064357906178	8	-24	-2	8	-25	-2	76
0.096285147120628523	10	-14	-2	10	-13	-2	76
0.098039562493216437	10	-14	-2	11	-14	-2	76
0.095169877302367034	11	-14	-2	11	-15	-2	76
0.098050055210008757	9	-20	-2	9	-21	-2	76
0.10031531108506897	10	-14	-1	10	-13	-1	76
0.10229982445137864	8	-17	-1	8	-17	0	77
0.00065287496976473847	8	-17	0	9	-17	0	78
0.090440128688027421	8	-17	0	8	-16	0	78
0.10067046278211578	8	-16	0	7	-16	0	78
0.10388715760497647	9	-13	0	8	-13	0	79
0.10678986122680989	10	-15	1	11	-15	1	80
0.0022778999131105593	11	-15	1	12	-15	1	81
0.071401379976794743	12	-15	1	13	-15	1	81
0.009380687600613058	13	-15	1	14	-15	1	81
0.012425763285371261	13	-15	1	13	-14	1	81
0.078043570249744398	12	-15	1	12	-14	1	81
0.086022591123867009	13	-15	1	13	-16	1	81
0.045679314957077111	13	-16	1	13	-17	1	81
0.041038641858701652	13	-17	1	13	-18	1	81
0.10683220280911421	5	7	2	5	6	2	81
0.10687086044912064	9	-12	2	9	-12	3	82
0.10692595202414878	4	2	-3	4	2	-4	83
0.043049599958311369	4	2	-4	4	1	-4	84
0.0072366094846696427	4	1	-4	4	0	-4	84
0.026153744932213563	4	0	-4	4	-1	-4	84
0.061887540453824386	4	0	-4	4	0	-5	84
0.059962590912070901	4	0	-5	4	-1	-5	84
0.080439604111084861	4	1	-4	5	1	-4	84
0.10131622932873618	4	0	-4	5	0	-4	84
0.052668024540313496	5	0	-4	5	0	-5	85
0.10694688790001905	14	-9	-1	15	-9	-1	85
0.0034993648673413702	15	-9	-1	15	-9	-2	86
0.01031998097536313	15	-9	-1	15	-10	-1	86
0.045838656604509254	15	-9	-2	14	-9	-2	86
0.03142736734058893	14	-9	-2	14	-8	-2	86
0.020993243298986108	14	-8	-2	14	-7	-2	86
0.066560669078041812	15	-9	-2	15	-10	-2	86
0.097647495616630664	15	-10	-2	16	-10	-2	86
0.10697647271317479	1	-5	5	0	-5	5	86
0.077364279364145361	0	-5	5	0	-6	5	87
0.099484506886714286	0	-6	5	0	-6	6	87
0.057238951386088921	0	-6	6	0	-7	6	87
0.040264450660821183	0	-7	6	0	-7	7	87
0.030830456540691387	0	-7	7	-1	-7	7	87
0.077053352887245907	0	-7	7	0	-8	7	87
0.090968206198905222	0	-6	6	0	-5	6	87
0.029506899286526611	0	-5	6	0	-4	6	87
0.034713590404329864	0	-4	6	1	-4	6	87
0.066575528608884049	1	-4	6	1	-5	6	87
0.08905090181990083	0	-4	6	0	-3	6	87
0.086184462421929453	0	-3	6	0	-3	7	87
0.0097246802954353839	0	-3	7	0	-2	7	87
0.022946379362259961	0	-3	7	0	-4	7	87
0.034050849601053201	0	-2	7	1	-2	7	87
0.034348057814617583	0	-2	7	0	-1	7	87
0.085124921218024063	1	-2	7	1	-1	7	87
0.058886120306433476	1	-1	7	1	0	7	87
0.0077274763795038837	1	0	7	1	1	7	87
0.027409237608526205	1	1	7	1	2	7	87
0.085322152767156823	1	0	7	0	0	7	87
0.095708593233144512	1	-2	7	1	-2	6	87
0.09636936366100457	1	2	7	2	2	7	87
0.076716920345884176	2	2	7	2	1	7	87
0.072489044947324999	2	1	7	2	1	6	87
0.084723914625019603	2	1	6	2	2	6	87
0.075161966914485845	2	2	6	2	2	5	87
0.078592716371764126	2	2	5	2	1	5	87
0.025131510886334141	2	1	5	2	0	5	87
0.087784085865896699	2	1	5	1	1	5	87
0.10069252073789592	1	-4	6	1	-3	6	87
0.10701235253039343	4	-4	4	5	-4	4	88
0.013532063147176032	5	-4	4	5	-5	4	89
0.085653031346508257	5	-5	4	6	-5	4	89
0.090440877968124944	6	-5	4	6	-6	4	89
0.033958694939727252	6	-6	4	6	-7	4	89
0.035884779549316903	6	-6	4	6	-6	3	89
0.050762173456313064	6	-6	3	6	-5	3	89
0.060153805393987625	6	-7	4	5	-7	4	89
0.024057765664764474	5	-7	4	5	-8	4	89
0.03068417127858325	5	-8	4	5	-9	4	89
0.0060424173069444365	5	-9	4	5	-10	4	89
0.066767185410849805	5	-7	4	4	-7	4	89
0.025429481339568127	4	-7	4	4	-8	4	89
0.028110929347922031	4	-7	4	4	-6	4	89
0.021039455628191206	4	-6	4	4	-6	5	89
0.069021716791612953	6	-6	3	6	-7	3	89
0.042086781443319232	6	-7	3	6	-8	3	89
0.072073810194850374	4	-6	5	4	-5	5	89
0.021415897237767823	4	-5	5	4	-4	5	89
0.074040893258516149	4	-5	5	4	-5	4	89
0.07629208692214462	6	-8	3	6	-8	4	89
0.070082107181464792	6	-8	4	6	-9	4	89
0.051071664247457349	6	-9	4	7	-9	4	89
0.017214336642130235	7	-9	4	7	-9	5	89
0.040437273609058799	7	-9	5	7	-8	5	89
0.070173845855785899	7	-9	4	7	-8	4	89
0.09550788983897629	7	-8	5	7	-7	5	89
0.027350174659723336	7	-7	5	6	-7	5	89
0.079046048438470073	7	-7	5	7	-6	5	89
0.080353827207892081	7	-6	5	7	-5	5	89
0.10325794097940744	4	-5	4	4	-5	3	89
0.053981895974485994	4	-5	3	3	-5	3	90
0.044096413597445761	3	-5	3	3	-6	3	90
0.046868842337943306	3	-5	3	3	-5	2	90
0.0602170092370784	3	-5	2	3	-6	2	90
0.063065526802264849	3	-5	3	3	-4	3	90
0.10721367855314501	14	-9	-2	14	-10	-2	90
0.060563159398570043	14	-10	-2	14	-11	-2	91
0.064824461556607815	14	-10	-2	13	-10	-2	91
0.093142600567674094	13	-10	-2	13	-9	-2	91
0.018689668595431641	13	-9	-2	13	-8	-2	91
0.016894950572059031	13	-8	-2	13	-8	-3	91
0.03736443173206716	13	-9	-2	12	-9	-2	91
0.045259359245108044	12	-9	-2	11	-9	-2	91
0.10061040175721736	12	-9	-2	12	-10	-2	91
0.10421152108210308	14	-10	-2	14	-10	-3	92
0.062427868034625966	14	-10	-3	14	-9	-3	93
0.093463479026684837	14	-9	-3	14	-8	-3	93
0.036308998306993523	14	-8	-3	14	-7	-3	93
0.10519249060323954	12	-9	-2	12	-8	-2	93
0.074320074802397329	12	-8	-2	11	-8	-2	94
0.029015691853087056	11	-8	-2	11	-7	-2	94
0.077455610567263022	11	-7	-2	11	-6	-2	94
0.039723637168897596	11	-6	-2	11	-6	-3	94
0.023009245192859851	11	-6	-3	11	-6	-4	94
0.040715409201901309	11	-6	-2	10	-6	-2	94
0.044142609531577115	11	-6	-4	11	-7	-4	94
0.024999782524257164	11	-7	-4	11	-8	-4	94
0.070155641283701442	10	-6	-2	10	-6	-3	94
0.05369713655950914	10	-6	-3	10	-5	-3	94
0.023008845992547933	10	-5	-3	11	-5	-3	94
0.037538879439261486	10	-5	-3	10	-4	-3	94
0.021100807239715635	10	-4	-3	11	-4	-3	94
0.083588684835341098	11	-7	-4	11	-7	-5	94
0.0106507928262074	11	-7	-5	11	-8	-5	94
0.010769913330911152	11	-8	-5	11	-8	-6	94
0.0019046685871328961	11	-8	-6	11	-7	-6	94
0.058955349895327913	11	-8	-6	10	-8	-6	94
0.046868326713795483	10	-8	-6	10	-8	-5	94
0.031694163671359021	10	-8	-5	10	-7	-5	94
0.020665042563233982	10	-7	-5	10	-7	-6	94
0.062295412858429877	10	-8	-6	10	-9	-6	94
0.068598757514708453	11	-8	-6	12	-8	-6	94
0.085739329696213673	11	-5	-3	12	-5	-3	94
0.065210145780906004	12	-5	-3	12	-5	-2	94
0.086034674365512487	10	-7	-6	10	-6	-6	94
0.085482229196001569	10	-6	-6	11	-6	-6	94
0.01445547683313908	11	-6	-6	11	-5	-6	94
0.0050398600093721768	11	-5	-6	12	-5	-6	94
0.039149311723665647	11	-6	-6	12	-6	-6	94
0.096346001748424115	12	-5	-6	13	-5	-6	94
0.022442245045802167	13	-5	-6	13	-5	-5	94
0.0021145918656486629	13	-5	-5	14	-5	-5	94
0.0018614174461717425	14	-5	-5	14	-6	-5	94
0.069065773884680048	14	-6	-5	14	-7	-5	94
0.0090031036756617056	14	-7	-5	14	-8	-5	94
0.017206796023913284	14	-7	-5	15	-7	-5	94
0.055568136951198888	15	-7	-5	15	-6	-5	94
0.0462553069069358	15	-6	-5	15	-6	-6	94
0.0051712295625483407	15	-6	-6	15	-7	-6	94
0.068116651884483126	15	-7	-6	15	-8	-6	94
0.0043049324253114918	15	-8	-6	14	-8	-6	94
0.0711772695412769	15	-7	-5	15	-8	-5	94
0.059108932385924184	15	-8	-5	15	-9	-5	94
0.076492354611506386	15	-9	-5	15	-9	-6	94
0.076650660546659033	13	-5	-5	13	-6	-5	94
0.0071618197384939464	13	-6	-5	13	-7	-5	94
0.065956503174147585	13	-7	-5	13	-8	-5	94
0.091183774691105057	15	-9	-5	15	-10	-5	94
0.091946707139388906	13	-5	-5	13	-5	-4	94
0.02189289180464371	13	-5	-4	13	-6	-4	94
0.097703225241568603	11	-6	-3	11	-7	-3	94
0.098476102543225252	15	-6	-6	14	-6	-6	94
0.046793171187067273	14	-6	-6	14	-5	-6	94
0.03370619839692246	14	-5	-6	14	-4	-6	94
0.068506784550107724	14	-6	-6	13	-6	-6	94
0.096228734047704378	14	-5	-6	15	-5	-6	94
0.031671402255319947	15	-5	-6	15	-5	-5	94
0.054092996091526402	15	-5	-5	15	-4	-5	94
0.022777861114599673	15	-4	-5	16	-4	-5	94
0.027351672267686311	16	-4	-5	16	-5	-5	94
0.102025199509999	10	-6	-2	9	-6	-2	94
0.035303478803496269	9	-6	-2	9	-7	-2	95
0.1072482725998043	0	-3	6	0	-3	5	95
0.078074015745420056	0	-3	5	1	-3	5	96
0.090813900672142012	1	-3	5	1	-3	4	96
0.069760744540045216	1	-3	4	1	-4	4	96
0.022489962536965891	1	-4	4	1	-4	5	96
0.011587379563399836	1	-4	5	0	-4	5	96
0.07256313082106125	1	-3	4	1	-2	4	96
0.0071859076433860025	1	-2	4	1	-2	3	96
0.052334070361760965	1	-2	3	1	-3	3	96
0.001420493188653893	1	-3	3	0	-3	3	96
0.02928063634242406	1	-3	3	1	-3	2	96
0.047498274242117056	0	-3	3	0	-2	3	96
0.021856867167891814	0	-2	3	0	-1	3	96
0.060924454370101522	1	-3	2	1	-4	2	96
0.020196408852596548	1	-4	2	2	-4	2	96
0.023112693252062222	2	-4	2	2	-3	2	96
0.046913147889839912	1	-4	2	1	-5	2	96
0.083029006889883128	1	-2	3	1	-1	3	96
0.032205463894752206	1	-1	3	1	0	3	96
0.093416866206049498	1	-3	5	1	-2	5	96
0.063977486587477372	1	-2	5	2	-2	5	96
0.10101771473511612	0	-1	3	0	0	3	96
0.10735125239686205	10	-15	-1	9	-15	-1	97
0.020854199970216314	9	-15	-1	9	-14	-1	98
0.050163116207523117	9	-14	-1	9	-13	-1	98
0.01029634640503474	9	-13	-1	8	-13	-1	98
0.059634465399920344	9	-14	-1	9	-14	-2	98
0.10167314348806755	9	-14	-2	9	-15	-2	98
0.078921383239696219	9	-15	-2	9	-16	-2	99
0.10735888600924248	10	-9	3	9	-9	3	99
0.10749148792936936	14	-7	-5	14	-7	-6	100
0.10751245427315403	9	10	2	10	10	2	101
0.0055196965675428089	10	10	2	10	11	2	102
0.030698251580057345	10	10	2	11	10	2	102
0.014641323636480408	11	10	2	11	11	2	102
0.048981782791708284	10	11	2	10	12	2	102
0.0048757724456578444	10	12	2	10	13	2	102
0.025304368983156245	10	13	2	10	14	2	102
0.10158662737662549	10	10	2	10	9	2	102
0.10515359649911105	11	10	2	11	10	3	103
0.062221373403841262	11	10	3	11	11	3	104
0.043501390699335118	11	11	3	10	11	3	104
0.016568787742766489	10	11	3	10	11	4	104
0.079525683914766887	11	10	3	11	10	4	104
0.052681409319882633	11	10	4	12	10	4	104
0.017813285847397609	12	10	4	12	11	4	104
0.08818662442094638	12	10	4	12	9	4	104
0.00037260152291906934	12	9	4	12	9	3	104
0.055531417948834871	12	9	4	11	9	4	104
0.014060746978044492	11	9	4	10	9	4	104
0.026319981922290125	11	9	4	11	8	4	104
0.037297702723483539	10	9	4	9	9	4	104
0.070889895621551346	10	9	4	10	9	5	104
0.08639609140996285	9	9	4	9	8	4	104
0.037904445250147134	9	8	4	9	7	4	104
0.038588061852298239	9	7	4	9	7	5	104
0.010526214175012427	9	7	5	8	7	5	104
0.016350886769793682	9	7	5	9	8	5	104
0.037198846072427294	8	7	5	8	6	5	104
0.03567937026995871	8	6	5	7	6	5	104
0.040840910129645636	7	6	5	7	6	4	104
0.058307832277679772	9	8	5	9	9	5	104
0.010769720390817028	9	9	5	8	9	5	104
0.054333844207098636	8	9	5	8	10	5	104
0.063868762257342837	9	8	5	8	8	5	104
0.023255329220491561	8	8	5	7	8	5	104
0.044505715490604558	7	8	5	6	8	5	104
0.057330770647051388	6	8	5	6	7	5	104
0.064249602297324238	7	6	4	7	5	4	104
0.06722263262719963	6	7	5	7	7	5	104
0.087693403410430193	8	10	5	8	11	5	104
0.088037613142395443	8	6	5	8	5	5	104
0.089597511112513573	6	7	5	6	6	5	104
0.091899736569940771	8	9	5	7	9	5	104
0.05117289615289522	7	9	5	7	9	6	104
0.060171620338129728	7	9	6	6	9	6	104
0.075907405648884207	6	9	6	6	8	6	104
0.096957748808224054	12	9	3	12	8	3	104
0.096578170070212188	12	8	3	12	7	3	104
0.070221353559558608	12	7	3	11	7	3	104
0.10005324847464792	6	8	6	6	7	6	104
0.10143332089178259	6	8	6	6	8	7	105
0.1024280874943857	7	6	5	7	5	5	106
0.043977053907483743	7	5	5	7	4	5	107
0.10371044692799014	11	10	4	11	11	4	107
0.10663243989092308	9	8	4	10	8	4	108
0.049577684285257106	10	8	4	10	8	5	109
0.046964718356059976	10	8	5	11	8	5	109
0.10782903248006015	1	-18	3	2	-18	3	109
0.035123886665310522	2	-18	3	2	-18	2	110
0.018258413274689467	2	-18	2	2	-17	2	110
0.011435757116704082	2	-17	2	2	-17	3	110
0.066583813948015269	2	-17	2	2	-16	2	110
0.049148843613508575	2	-16	2	2	-16	3	110
0.035776799786749081	2	-16	3	2	-15	3	110
0.078161283303870732	2	-18	2	1	-18	2	110
0.083331484030349401	2	-16	2	3	-16	2	110
0.086280055182884396	2	-16	2	1	-16	2	110
0.06414430233702717	1	-16	2	1	-16	1	110
0.08736743328959129	2	-17	3	3	-17	3	110
0.060562167631744046	3	-17	3	3	-16	3	110
0.024713204969806668	3	-16	3	3	-16	4	110
0.041824665206749323	3	-16	4	3	-17	4	110
0.056568412975784632	3	-17	4	3	-18	4	110
0.089673560236401606	3	-17	3	3	-18	3	110
0.021311504775666457	3	-18	3	3	-19	3	110
0.10553926392762136	1	-18	2	1	-17	2	110
0.10784699878596271	8	-21	-1	8	-21	0	111
0.084456723513220311	8	-21	0	8	-21	1	112
0.0088520610201285876	8	-21	1	9	-21	1	112
0.0019320379414260458	9	-21	1	9	-22	1	112
0.086476009004769594	8	-21	0	7	-21	0	112
0.019749051699277764	7	-21	0	7	-22	0	112
0.021294190661054202	7	-22	0	7	-23	0	112
0.03504166905260675	7	-23	0	7	-23	1	112
0.069208958351143934	7	-21	0	7	-20	0	112
0.02994084744784864	7	-20	0	6	-20	0	112
0.045529059417326323	7	-20	0	7	-19	0	112
0.055445043382118087	6	-20	0	6	-21	0	112
0.089963340398893976	8	-21	1	7	-21	1	112
0.090446053180268215	8	-21	0	8	-20	0	112
0.092504465250642376	8	-21	1	8	-22	1	112
0.017357202284344453	8	-22	1	8	-22	0	112
0.093945235584708797	6	-21	0	6	-21	1	112
0.09799308034156784	7	-21	1	7	-22	1	112
0.098721367584053255	7	-23	1	8	-23	1	112
0.10523803094103634	8	-21	1	8	-20	1	112
0.10809419364862549	9	7	5	9	6	5	113
0.10817183564467392	6	3	-3	6	4	-3	114
0.10833558548834876	10	-17	0	10	-18	0	115
0.10837347975000977	10	8	4	10	7	4	116
0.1083981375002061	5	-8	-1	5	-8	-2	117
0.010178700165027976	5	-8	-2	4	-8	-2	118
0.0082178340755270085	4	-8	-2	4	-8	-3	118
0.0093329345750259307	4	-8	-2	4	-9	-2	118
0.03642704066535174	5	-8	-2	5	-8	-3	118
0.058573327023717425	5	-8	-2	5	-9	-2	118
0.066661874571175339	4	-9	-2	4	-10	-2	118
0.080566232435212548	5	-8	-2	5	-7	-2	118
0.067888501584906891	5	-7	-2	5	-7	-3	118
0.028901864115344011	5	-7	-3	5	-7	-4	118
0.037008459148553108	5	-7	-4	5	-8	-4	118
0.044643126567668112	5	-8	-4	5	-9	-4	118
0.06695149465637229	5	-7	-4	6	-7	-4	118
0.014265394827389422	6	-7	-4	6	-8	-4	118
0.081346396180896008	4	-8	-3	3	-8	-3	118
0.086895367150686909	5	-7	-4	5	-6	-4	118
0.09775429479349107	4	-8	-3	4	-7	-3	118
0.074557405744429595	4	-7	-3	4	-6	-3	118
0.075248749611180443	4	-6	-3	5	-6	-3	118
0.033687197519764567	5	-6	-3	6	-6	-3	118
0.096932129880010542	5	-6	-3	5	-5	-3	118
0.061819087948181917	5	-5	-3	6	-5	-3	118
0.089059514914583637	5	-5	-3	5	-4	-3	118
0.043286806116318743	5	-4	-3	4	-4	-3	118
0.048392520545528228	5	-4	-3	5	-3	-3	118
0.056810610390655825	4	-4	-3	4	-4	-4	118
0.083679566153003648	5	-3	-3	4	-3	-3	118
0.10006786215617325	5	-4	-3	5	-4	-2	118
0.064080622217900896	5	-4	-2	4	-4	-2	119
0.082973258993507493	5	-4	-2	5	-3	-2	119
0.014274146045266889	5	-3	-2	4	-3	-2	119
0.014315068177206847	5	-3	-2	5	-2	-2	119
0.0036125556422357263	5	-2	-2	5	-1	-2	119
0.090669703529574264	4	-4	-2	4	-4	-1	119
0.080167439234307025	4	-4	-1	4	-5	-1	119
0.07398780146072248	4	-5	-1	5	-5	-1	119
0.0013445306393844447	5	-5	-1	5	-4	-1	119
0.10219215989239316	4	-4	-4	5	-4	-4	119
0.037632289707551614	5	-4	-4	5	-5	-4	120
0.015848868036174579	5	-5	-4	6	-5	-4	120
0.0019363526283315835	6	-5	-4	6	-4	-4	120
0.097692442081569908	6	-5	-4	7	-5	-4	120
0.1057857041188548	4	-7	-3	3	-7	-3	120
0.042369722201310189	3	-7	-3	3	-6	-3	121
0.10649809236439634	7	-5	-4	7	-6	-4	121
0.037018902905662898	7	-6	-4	6	-6	-4	122
0.1087599685959324	3	-5	4	3	-6	4	122
0.10883574271390195	5	0	-5	6	0	-5	123
0.0030828107145559613	6	0	-5	7	0	-5	124
0.029820291983231328	7	0	-5	7	1	-5	124
0.032302853122573083	7	1	-5	8	1	-5	124
0.044796412909974492	6	0	-5	6	0	-4	124
0.04853804360372127	8	1	-5	8	0	-5	124
0.063625060717919624	6	0	-4	6	1	-4	124
0.094240089787737347	6	0	-4	7	0	-4	124
0.10888882255598631	2	-4	5	2	-4	6	124
0.020964381721048753	2	-4	6	3	-4	6	125
0.074908844412800768	2	-4	6	2	-5	6	125
0.1090807120458388	11	-9	-2	11	-10	-2	125
0.028297291397117341	11	-10	-2	11	-11	-2	126
0.069834165423964478	11	-11	-2	10	-11	-2	126
0.083349885657840517	10	-11	-2	9	-11	-2	126
0.013098316467466731	9	-11	-2	9	-11	-3	126
0.007342469363305959	9	-11	-3	9	-12	-3	126
0.037103687339552494	9	-12	-3	9	-12	-2	126
0.10081623585184474	9	-11	-2	8	-11	-2	126
0.026228119301275221	8	-11	-2	8	-12	-2	127
0.039746891607250312	8	-12	-2	8	-13	-2	127
0.0652514660660799	8	-11	-2	8	-11	-3	127
0.066396774883844323	8	-13	-2	8	-14	-2	127
0.08428839111287445	8	-11	-3	8	-10	-3	127
0.10141069487041676	9	-12	-3	9	-13	-3	127
0.10908795886514433	7	-12	1	7	-13	1	128
0.1090919872074565	10	13	2	9	13	2	129
0.097217775148787489	9	13	2	9	14	2	130
0.10915081924325598	6	-7	2	6	-8	2	130
0.017231458417072965	6	-8	2	6	-9	2	131
0.10921569885893945	-4	2	3	-4	2	2	131
0.0911188831310632	-4	2	2	-3	2	2	132
0.10951690664595759	12	-18	2	11	-18	2	132
0.067012166295928211	11	-18	2	10	-18	2	133
0.009783477798976925	10	-18	2	10	-19	2	133
0.10956549674616767	1	9	1	1	10	1	133
0.10972669717584793	8	-17	0	8	-18	0	134
0.10979051156015984	9	-19	-1	10	-19	-1	135
0.10981347022457744	9	-3	0	9	-4	0	136
0.029179213693403483	9	-4	0	9	-4	-1	137
0.1098582775196677	-5	-1	-2	-5	0	-2	137
0.060001043141682864	-5	0	-2	-5	1	-2	138
0.073556360985104874	-5	1	-2	-5	1	-3	138
0.018496969323251733	-5	1	-3	-5	2	-3	138
0.10985871011616855	9	-13	0	9	-12	0	138
0.1098939975658384	8	-10	-1	8	-11	-1	139
0.057107097299889276	8	-11	-1	7	-11	-1	140
0.027800420321435482	7	-11	-1	7	-12	-1	140
0.0094276360630622946	7	-12	-1	6	-12	-1	140
0.00076988081648110551	6	-12	-1	5	-12	-1	140
0.028839705960013617	7	-12	-1	7	-12	0	140
0.0060546965592642721	7	-12	0	7	-13	0	140
0.031887657424558569	5	-12	-1	5	-12	0	140
0.0060613379944278734	5	-12	0	4	-12	0	140
0.0418372635568387	5	-12	-1	5	-13	-1	140
0.068980154012113992	5	-12	0	5	-11	0	140
0.0024457285622982994	5	-11	0	6	-11	0	140
0.048232924735136962	6	-11	0	6	-12	0	140
0.083413100804465401	4	-12	0	3	-12	0	140
0.095316367966244542	5	-12	0	5	-13	0	140
0.09845598500177033	5	-12	-1	5	-12	-2	140
0.058132871015498466	5	-12	-2	5	-11	-2	140
0.045641992406322274	5	-11	-2	4	-11	-2	140
0.05292987763326984	5	-11	-2	5	-10	-2	140
0.075148044341580622	5	-12	-2	5	-13	-2	140
0.069151511562889567	5	-13	-2	5	-14	-2	140
0.028466566413117178	5	-14	-2	6	-14	-2	140
0.028825697443664033	6	-14	-2	6	-13	-2	140
0.059262134340714923	6	-13	-2	6	-12	-2	140
0.070763207189353139	5	-13	-2	4	-13	-2	140
0.029595928799219351	4	-13	-2	4	-14	-2	140
0.026756473767409972	4	-14	-2	4	-14	-1	140
0.0027703017888196513	4	-14	-1	3	-14	-1	140
0.0087501424440965536	3	-14	-1	2	-14	-1	140
0.052567289976815701	2	-14	-1	1	-14	-1	140
0.080484400621916308	4	-14	-1	4	-14	0	140
0.089122651131127384	4	-13	-2	4	-13	-1	140
0.090663520705453138	4	-14	0	4	-13	0	140
0.094299752328961262	5	-14	-2	5	-14	-1	140
0.097887552499697605	4	-11	-2	4	-12	-2	140
0.099382093979768271	4	-14	-2	4	-15	-2	140
0.0040330702919799677	4	-15	-2	5	-15	-2	140
0.037377180687010458	4	-15	-2	4	-16	-2	140
0.049629337374501148	4	-15	-2	4	-15	-1	140
0.092271126685560034	4	-16	-2	4	-16	-1	140
0.099688353066060387	4	-13	-2	4	-13	-3	140
0.044801771817403413	4	-13	-3	4	-14	-3	140
0.038822484272659885	4	-14	-3	4	-15	-3	140
0.017450531999266161	4	-15	-3	4	-15	-4	140
0.038843078986114499	4	-15	-4	4	-14	-4	140
0.072107591022186668	4	-14	-4	4	-13	-4	140
0.101815245176752	4	-12	0	4	-11	0	140
0.10234250229453323	4	-13	-2	3	-13	-2	141
0.10235768607211249	4	-13	-4	4	-12	-4	142
0.10301229259481826	6	-11	0	6	-10	0	143
0.011287378987705488	6	-10	0	6	-9	0	144
0.10407721580311424	4	-12	-4	4	-11	-4	144
0.10636100637860935	5	-15	-2	6	-15	-2	145
0.045447147577991842	6	-15	-2	6	-16	-2	146
0.07803368667985211	6	-15	-2	6	-15	-3	146
0.056933950727830585	6	-15	-3	6	-14	-3	146
0.073181806872250732	6	-14	-3	6	-13	-3	146
0.025010003548278092	6	-13	-3	6	-13	-4	146
0.027883634547476888	6	-13	-3	6	-12	-3	146
0.040882856409103496	6	-13	-4	5	-13	-4	146
0.038302988820499095	5	-13	-4	5	-12	-4	146
0.054503710213491985	5	-13	-4	5	-13	-5	146
0.0075835880203722894	5	-13	-5	6	-13	-5	146
0.064088485012117502	5	-12	-4	5	-12	-5	146
0.074345849811856546	6	-13	-5	6	-12	-5	146
0.012682940265442255	6	-12	-5	6	-11	-5	146
0.036060215167303511	6	-12	-5	6	-12	-6	146
0.044727306351243001	6	-11	-5	7	-11	-5	146
0.046759858884182215	6	-12	-6	6	-11	-6	146
0.06661668521799502	7	-11	-5	7	-12	-5	146
0.077192950783141256	7	-11	-5	7	-10	-5	146
0.0058733972362574605	7	-10	-5	7	-10	-4	146
0.01175148248104918	7	-10	-5	8	-10	-5	146
0.033580792959860162	8	-10	-5	9	-10	-5	146
0.010772600751377759	9	-10	-5	9	-11	-5	146
0.0051824553083594793	9	-11	-5	8	-11	-5	146
0.00093543213240465661	8	-11	-5	8	-11	-4	146
0.0020535342354772723	8	-11	-4	8	-10	-4	146
0.064151498999724055	7	-10	-5	7	-9	-5	146
0.032805563026128581	7	-9	-5	6	-9	-5	146
0.023721876987981894	6	-9	-5	6	-10	-5	146
0.067381457484566809	9	-10	-5	9	-9	-5	146
0.072948674128541668	6	-9	-5	6	-8	-5	146
0.059834915506955078	6	-8	-5	6	-7	-5	146
0.073459969331635122	7	-9	-5	7	-8	-5	146
0.077215438948691428	9	-11	-5	9	-12	-5	146
0.059202020037696812	9	-12	-5	8	-12	-5	146
0.081776997024331166	9	-12	-5	9	-12	-6	146
0.01865815891434508	9	-12	-6	9	-13	-6	146
0.084758162441579188	6	-9	-5	5	-9	-5	146
0.016572715278616812	5	-9	-5	5	-8	-5	146
0.028128356692356249	5	-8	-5	5	-7	-5	146
0.052570583331176479	5	-8	-5	4	-8	-5	146
0.052625611197083089	4	-8	-5	3	-8	-5	146
0.016106413706518552	3	-8	-5	2	-8	-5	146
0.028658562325563963	3	-8	-5	3	-7	-5	146
0.015727008041306334	3	-7	-5	2	-7	-5	146
0.027114458728417112	2	-7	-5	2	-6	-5	146
0.049126815091817377	2	-8	-5	2	-8	-4	146
0.0030315156251496944	2	-8	-4	2	-7	-4	146
0.062802364558585566	5	-8	-5	5	-8	-6	146
0.081712789580799416	3	-7	-5	3	-6	-5	146
0.022244260907671176	3	-6	-5	3	-5	-5	146
0.027727541728728156	3	-6	-5	4	-6	-5	146
0.051895502614456746	4	-6	-5	4	-6	-4	146
0.067901885490957881	4	-6	-5	4	-7	-5	146
0.086225857965804842	9	-12	-6	9	-11	-6	146
0.051854482060512908	9	-11	-6	8	-11	-6	146
0.012346063161984944	8	-11	-6	8	-10	-6	146
0.081568863192773122	8	-11	-6	7	-11	-6	146
0.08810982227404196	8	-11	-4	9	-11	-4	146
0.092809849694018176	5	-13	-4	5	-14	-4	146
0.068787012123348035	5	-14	-4	5	-14	-5	146
0.030714002921616412	5	-14	-5	4	-14	-5	146
0.03750755952347351	5	-14	-5	5	-15	-5	146
0.039472244981491045	5	-15	-5	4	-15	-5	146
0.048291068617071886	5	-15	-5	5	-16	-5	146
0.04520033749154706	5	-16	-5	5	-16	-6	146
0.013824996313362981	5	-16	-6	5	-17	-6	146
0.066834892542566138	5	-16	-6	5	-15	-6	146
0.0035610123113318792	5	-15	-6	5	-14	-6	146
0.039176489659496383	5	-15	-6	6	-15	-6	146
0.040485674866800991	6	-15	-6	6	-15	-7	146
0.048297853002482682	6	-15	-6	6	-14	-6	146
0.069545342836894619	5	-15	-6	4	-15	-6	146
0.027639232718116524	4	-15	-6	4	-14	-6	146
0.0054402757208622532	4	-14	-6	4	-13	-6	146
0.063140558038371708	4	-13	-6	3	-13	-6	146
0.042715660557631985	3	-13	-6	3	-14	-6	146
0.051163146733202325	3	-14	-6	2	-14	-6	146
0.042353244288313441	2	-14	-6	2	-13	-6	146
0.053052455517592634	2	-14	-6	2	-15	-6	146
0.076910904621847465	4	-15	-6	4	-16	-6	146
0.04302781021860369	4	-16	-6	4	-16	-5	146
0.018374026284098122	4	-16	-5	4	-17	-5	146
0.081693860854823441	4	-13	-6	5	-13	-6	146
0.032687348773279723	5	-13	-6	5	-13	-7	146
0.075158388301302281	5	-13	-6	5	-12	-6	146
0.049695683367998456	5	-12	-6	4	-12	-6	146
0.08347655162110712	4	-17	-5	3	-17	-5	146
0.0022458452771854098	3	-17	-5	3	-16	-5	146
0.087732680476936054	4	-12	-6	4	-12	-5	146
0.065269012538940352	4	-12	-5	4	-11	-5	146
0.090275354676372821	6	-15	-7	6	-14	-7	146
0.093257805689471951	2	-8	-4	2	-8	-3	146
0.040354695726763978	2	-8	-3	2	-9	-3	146
0.058273683776359775	2	-9	-3	1	-9	-3	146
0.060877516848495183	2	-8	-3	2	-7	-3	146
0.093394209239182402	6	-14	-6	6	-13	-6	146
0.03956079223584652	6	-13	-6	6	-13	-7	146
0.048382096750597015	6	-13	-7	6	-12	-7	146
0.047689619465829836	6	-12	-7	5	-12	-7	146
0.032206686515192651	5	-12	-7	5	-11	-7	146
0.00069761964266135124	5	-11	-7	5	-11	-8	146
0.048136834213597268	5	-12	-7	4	-12	-7	146
0.053634805890629522	6	-13	-6	7	-13	-6	146
0.084596084362743795	6	-12	-7	6	-11	-7	146
0.02870607917724044	6	-11	-7	7	-11	-7	146
0.092192632773818062	5	-11	-7	4	-11	-7	146
0.093091529326211564	4	-12	-7	4	-13	-7	146
0.026224528209414899	4	-13	-7	4	-14	-7	146
0.096263652729307481	7	-10	-4	6	-10	-4	146
0.097087484893121356	7	-13	-6	7	-14	-6	146
0.097308119114436487	7	-11	-7	7	-12	-7	146
0.034669402641913649	7	-12	-7	7	-13	-7	146
0.025888822176882265	7	-13	-7	7	-14	-7	146
0.03933518314399187	7	-14	-7	7	-15	-7	146
0.010335626373473517	7	-15	-7	8	-15	-7	146
0.027936329051181374	8	-15	-7	8	-14	-7	146
0.032758498785242729	8	-14	-7	8	-13	-7	146
0.069234131813940003	8	-15	-7	8	-16	-7	146
0.046254356189919577	8	-16	-7	8	-17	-7	146
0.068642991443410573	8	-17	-7	8	-18	-7	146
0.098105564974529713	6	-13	-3	5	-13	-3	146
0.062334319705617425	5	-13	-3	5	-12	-3	146
0.034138187756338922	5	-12	-3	4	-12	-3	146
0.088295868513418085	5	-12	-3	5	-11	-3	146
0.017947614236394571	5	-11	-3	5	-10	-3	146
0.033217347746843373	5	-10	-3	4	-10	-3	146
0.04028175001144163	5	-10	-3	5	-10	-4	146
0.073557181563668195	5	-10	-3	6	-10	-3	146
0.039532227594625269	6	-10	-3	7	-10	-3	146
0.081823733964137446	5	-11	-3	4	-11	-3	146
0.094414625736771285	5	-10	-4	4	-10	-4	146
0.098368561733352067	4	-8	-5	4	-8	-4	146
0.046470370442242448	4	-8	-4	4	-9	-4	146
0.10070427920578862	7	-10	-4	7	-11	-4	146
0.013533003589341952	7	-11	-4	7	-12	-4	147
0.010393637272214207	7	-12	-4	8	-12	-4	147
0.013279522969853907	7	-12	-4	7	-13	-4	147
0.039009521971257399	7	-13	-4	7	-14	-4	147
0.021327041735901275	7	-14	-4	7	-14	-5	147
0.050441922392952421	7	-11	-4	6	-11	-4	147
0.083904435583297854	6	-11	-4	5	-11	-4	147
0.08852248888035863	7	-14	-5	7	-15	-5	147
0.10092715224088789	6	-16	-2	6	-17	-2	147
0.087440202209684514	6	-17	-2	5	-17	-2	148
0.029424576375392419	5	-17	-2	5	-18	-2	148
0.10012305874670258	6	-17	-2	6	-18	-2	148
0.10135784328294761	6	-15	-3	5	-15	-3	149
0.035649900404066237	5	-15	-3	5	-14	-3	150
0.089149643533501077	5	-15	-3	5	-16	-3	150
0.10174926495232572	7	-8	-5	7	-7	-5	150
0.049375899888112862	7	-7	-5	7	-6	-5	151
0.015078920844235455	7	-6	-5	6	-6	-5	151
0.019263908123717144	6	-6	-5	6	-5	-5	151
0.069130471002752714	6	-5	-5	6	-4	-5	151
0.073784897280702921	6	-6	-5	6	-6	-6	151
0.0055664463755338289	6	-6	-6	6	-5	-6	151
0.0063030191205282193	6	-6	-6	5	-6	-6	151
0.018218395989362257	6	-6	-6	6	-7	-6	151
0.077516989533213732	7	-6	-5	8	-6	-5	151
0.066658851309393086	8	-6	-5	9	-6	-5	151
0.083638424075022755	5	-6	-6	4	-6	-6	151
0.072318231927942733	4	-6	-6	4	-7	-6	151
0.041590745543519603	4	-7	-6	4	-7	-7	151
0.065103889290396566	4	-7	-7	4	-6	-7	151
0.080354723153818419	4	-7	-7	4	-8	-7	151
0.007901580231973071	4	-8	-7	4	-8	-6	151
0.0093753165043235498	4	-8	-6	3	-8	-6	151
0.0041854978057909165	3	-8	-6	3	-9	-6	151
0.071329138824868465	3	-9	-6	3	-9	-5	151
0.028628873146329781	3	-9	-5	4	-9	-5	151
0.025356097524190879	4	-9	-5	4	-10	-5	151
0.09931437479242966	6	-7	-6	5	-7	-6	151
0.10200965611512114	5	-11	-8	5	-12	-8	151
0.040204561139491446	5	-12	-8	6	-12	-8	152
0.064274657307200833	6	-12	-8	6	-13	-8	152
0.0034823302189108674	6	-13	-8	6	-14	-8	152
0.091572893042398462	6	-13	-8	7	-13	-8	152
0.032687058691055704	7	-13	-8	7	-14	-8	152
0.10209095055512662	3	-13	-6	3	-12	-6	152
0.10229977414973312	7	-14	-4	8	-14	-4	153
0.066101064591823189	8	-14	-4	8	-13	-4	154
0.0070730418203126533	8	-13	-4	8	-13	-3	154
0.075798935156290881	8	-13	-3	7	-13	-3	154
0.065738351369063253	7	-13	-3	7	-13	-2	154
0.10078006315852939	7	-13	-3	7	-14	-3	154
0.10247120178473423	2	-6	-5	2	-6	-6	155
0.065068433215645705	2	-6	-6	2	-7	-6	156
0.079522890384914113	2	-7	-6	2	-8	-6	156
0.030930055292877512	2	-8	-6	2	-8	-7	156
0.030229454449663962	2	-8	-7	2	-8	-8	156
0.066456628439809151	2	-8	-6	2	-9	-6	156
0.00097989770377715502	2	-9	-6	2	-10	-6	156
0.054350103738689981	2	-10	-6	3	-10	-6	156
0.10353840568635331	5	-12	-8	5	-13	-8	156
0.10402615135088134	6	-13	-4	6	-12	-4	157
0.10427690475567175	7	-14	-5	8	-14	-5	158
0.10469940378919151	5	-18	-2	5	-19	-2	159
0.10499079986329196	6	-15	-6	6	-16	-6	160
0.10686800449020062	5	-12	-6	5	-11	-6	161
0.10704245398223122	6	-16	-2	5	-16	-2	162
0.10822883018248941	7	-13	-3	7	-12	-3	163
0.016738073601905157	7	-12	-3	7	-11	-3	164
0.06913402770724808	7	-12	-3	8	-12	-3	164
0.10823903388155287	4	-16	-2	4	-17	-2	164
0.025002701514432957	4	-17	-2	3	-17	-2	165
0.10991583644728298	6	-10	-3	6	-11	-3	165
0.10994970054149533	5	-14	-6	5	-14	-7	166
0.01908631546391959	5	-14	-7	5	-15	-7	167
0.10995615569162265	12	9	3	12	10	3	167
0.091929793526540848	12	10	3	12	11	3	168
0.03659062867875118	12	11	3	12	12	3	168
0.11003830889267263	2	-15	-6	2	-15	-5	168
0.00049865891596390099	2	-15	-5	2	-14	-5	169
0.011176643382368567	2	-15	-5	1	-15	-5	169
0.028138118040249793	2	-14	-5	1	-14	-5	169
0.027227445496643909	1	-14	-5	0	-14	-5	169
0.051615261379321709	1	-14	-5	1	-13	-5	169
0.08636003185289276	0	-14	-5	-1	-14	-5	169
0.063653455180703311	-1	-14	-5	-1	-15	-5	169
0.08544748583905637	-1	-15	-5	-2	-15	-5	169
0.099189610218355817	0	-14	-5	0	-15	-5	169
0.11003998711276797	4	6	1	4	7	1	169
0.048796251439465976	4	7	1	4	7	2	170
0.078908550568494107	4	7	1	5	7	1	170
0.050118043989466621	5	7	1	5	8	1	170
0.11004550289994164	5	-8	0	4	-8	0	170
0.022291879804381409	4	-8	0	3	-8	0	171
0.059859592959178087	4	-8	0	4	-9	0	171
0.10383678541242958	3	-8	0	2	-8	0	171
0.013931631390505572	2	-8	0	1	-8	0	172
0.062851278888553352	2	-8	0	2	-9	0	172
0.051143723131735541	2	-9	0	1	-9	0	172
0.0024737798736573779	1	-9	0	1	-9	1	172
0.031156066902051194	1	-9	1	1	-10	1	172
0.068497635415009306	1	-9	1	1	-8	1	172
0.063947083554116269	1	-8	1	1	-7	1	172
0.078316959139507425	1	-7	1	1	-6	1	172
0.08529037305751519	1	-6	1	1	-5	1	172
0.093345006487194127	1	-5	1	0	-5	1	172
0.033764255786906006	0	-5	1	0	-5	2	172
0.0069215288358588367	0	-5	2	-1	-5	2	172
0.027462715966754203	0	-5	2	0	-4	2	172
0.037246458110697489	0	-4	2	0	-4	3	172
0.064662673127660497	0	-5	1	-1	-5	1	172
0.070631424348217564	-1	-5	1	-1	-6	1	172
0.00036730513733118642	-1	-6	1	-1	-7	1	172
0.07839170183939892	0	-4	3	1	-4	3	172
0.019981414061816416	1	-4	3	1	-5	3	172
0.067440807009013781	1	-5	3	1	-6	3	172
0.081900056909081087	-1	-5	2	-1	-6	2	172
0.033409095986194792	-1	-6	2	-1	-7	2	172
0.0855558244176855	-1	-5	2	-2	-5	2	172
0.087779816397409505	-1	-7	1	-2	-7	1	172
0.067089679067230179	-2	-7	1	-2	-7	2	172
0.0089760284104407617	-2	-7	2	-2	-8	2	172
0.09717887390308988	1	-6	1	1	-6	2	172
0.082516380741527229	1	-6	2	0	-6	2	172
0.018986198975481372	0	-6	2	0	-7	2	172
0.054089986820955005	0	-6	2	0	-6	3	172
0.04100955971245579	0	-6	3	0	-5	3	172
0.067567408076989466	0	-6	3	-1	-6	3	172
0.013527760961193458	-1	-6	3	-1	-5	3	172
0.03660616528880567	-1	-6	3	-2	-6	3	172
0.067943147106852564	-2	-6	3	-2	-7	3	172
0.077635747796055199	0	-5	3	0	-5	4	172
0.058475450554092312	0	-5	4	0	-4	4	172
0.035593290691414481	0	-4	4	-1	-4	4	172
0.078046887735416348	0	-6	3	0	-7	3	172
0.00062301904342376702	0	-7	3	0	-8	3	172
0.060734421586811749	0	-8	3	0	-9	3	172
0.061014017164887413	0	-9	3	0	-10	3	172
0.064115675273480832	0	-9	3	0	-9	2	172
0.010773506819340639	0	-9	2	1	-9	2	172
0.012382893380930682	1	-9	2	1	-9	3	172
0.01779049071421035	1	-9	3	1	-10	3	172
0.056142313172803604	1	-9	2	1	-10	2	172
0.036743956944906841	1	-10	2	2	-10	2	172
0.045623765830288043	2	-10	2	2	-11	2	172
0.00069652646603657331	2	-11	2	3	-11	2	172
0.034159715609101582	3	-11	2	3	-10	2	172
0.041228487557134486	3	-11	2	3	-11	1	172
0.062925520771639043	3	-10	2	4	-10	2	172
0.052128147396124369	4	-10	2	4	-11	2	172
0.04991340248045617	4	-11	2	5	-11	2	172
0.066869967730933233	1	-10	3	1	-11	3	172
0.073551450212180569	1	-9	2	1	-8	2	172
0.085160501082494733	-1	-5	3	-1	-5	4	172
0.069442419270137279	-1	-5	4	-1	-6	4	172
0.068020214435733806	-1	-6	4	-2	-6	4	172
0.072797100694931061	-2	-6	4	-2	-5	4	172
0.02013837592500245	-2	-5	4	-3	-5	4	172
0.082948648470530628	-3	-5	4	-3	-6	4	172
0.079067144304084458	-3	-6	4	-3	-7	4	172
0.027413328779491763	-3	-7	4	-3	-8	4	172
0.056657574899464436	-3	-7	4	-2	-7	4	172
0.023507585158434097	-2	-7	4	-2	-7	5	172
0.04530548502908438	-2	-7	4	-1	-7	4	172
0.022889590799952231	-1	-7	4	0	-7	4	172
0.044038936727232247	0	-7	4	0	-6	4	172
0.073077732673379359	-2	-7	5	-3	-7	5	172
0.032906396086874956	-3	-7	5	-3	-6	5	172
0.073858108487587337	-3	-8	4	-3	-9	4	172
0.08529680278677354	-3	-7	5	-3	-8	5	172
0.092033083989123021	3	-10	2	3	-9	2	172
0.094355243885331674	1	-10	3	2	-10	3	172
0.096704347809281721	3	-9	2	3	-8	2	172
0.097508749678982376	-2	-7	1	-2	-8	1	172
0.098636607726451331	-1	-6	3	-1	-7	3	172
0.098934212595608528	-2	-7	5	-2	-8	5	172
0.10317079557675957	1	-5	1	1	-4	1	172
0.10762590413043949	4	-11	2	4	-12	2	173
0.10934202528508941	0	-7	2	0	-8	2	174
0.051762280717376541	0	-8	2	0	-8	1	175
0.087451003322112975	0	-8	1	0	-9	1	175
0.11012133367715382	-1	-7	4	-1	-8	4	175
0.11016265085638555	1	-15	4	1	-14	4	176
0.0020699486182920168	1	-14	4	0	-14	4	177
0.011680056351685231	1	-14	4	1	-13	4	177
0.069813700065264328	1	-14	4	1	-14	5	177
0.03726400396077878	1	-14	5	1	-13	5	177
0.017992271535226756	1	-13	5	1	-12	5	177
0.037266926297057523	1	-12	5	1	-12	6	177
0.027144104627522481	1	-12	6	1	-13	6	177
0.031283086676579863	1	-12	6	1	-11	6	177
0.045221215646914281	1	-12	5	1	-11	5	177
0.091512562583854873	1	-14	5	2	-14	5	177
0.005018174646561846	2	-14	5	2	-14	6	177
0.014279491122822563	2	-14	6	2	-15	6	177
0.040738995460244176	2	-14	5	2	-15	5	177
0.025399840557119191	2	-15	5	1	-15	5	177
0.076168831078861743	2	-14	6	3	-14	6	177
0.063772375179778962	3	-14	6	3	-13	6	177
0.091487124167345613	3	-13	6	3	-12	6	177
0.021867446282578307	3	-12	6	3	-11	6	177
0.075881439457290867	3	-12	6	3	-12	5	177
0.014750507776012611	3	-12	5	3	-13	5	177
0.089073001644937477	3	-12	6	3	-12	7	177
0.094893385073950398	3	-12	7	3	-13	7	177
0.022001613597714353	3	-13	7	2	-13	7	177
0.066195617100559545	2	-13	7	1	-13	7	177
0.058509536934993278	1	-13	7	1	-14	7	177
0.080489195086117071	2	-13	7	2	-14	7	177
0.1062477961930739	3	-13	5	2	-13	5	177
0.079616196738938605	2	-13	5	2	-12	5	178
0.037222624257474024	2	-12	5	2	-12	6	178
0.047700246287122106	2	-12	5	2	-11	5	178
0.1011625711219768	2	-12	6	2	-13	6	178
0.10789450879156259	2	-12	6	2	-11	6	179
0.10821370116408957	0	-14	4	-1	-14	4	180
0.0092076553344861978	-1	-14	4	-1	-13	4	181
0.043872007587163253	-1	-13	4	-1	-12	4	181
0.059921973420415497	-1	-14	4	-1	-15	4	181
0.072000265638164862	-1	-15	4	-1	-16	4	181
0.11029335028337339	-3	1	3	-3	2	3	181
0.11031468346204143	4	11	2	3	11	2	182
0.11036143322189496	7	-16	1	7	-15	1	183
0.017689785989588813	7	-15	1	7	-14	1	184
0.1103709563124049	14	-7	-2	15	-7	-2	184
0.023356662788854621	15	-7	-2	15	-6	-2	185
0.042738521232764448	15	-7	-2	15	-8	-2	185
0.11044983022960508	6	-13	2	5	-13	2	185
0.038690580943688602	5	-13	2	5	-12	2	186
0.1104710432603726	3	1	0	3	0	0	186
0.020400668213058637	3	0	0	2	0	0	187
0.11053832296243904	4	-14	-4	3	-14	-4	187
0.11089320199931318	-4	-16	6	-4	-15	6	188
0.11099809640130243	-4	-6	3	-4	-7	3	189
0.067398788107568386	-4	-7	3	-4	-8	3	190
0.018316443566703811	-4	-8	3	-4	-8	4	190
0.087172881023345639	-4	-8	3	-4	-9	3	190
0.11102394495464818	1	-17	4	1	-18	4	190
0.016649268142132634	1	-18	4	1	-19	4	191
0.027803062448390037	1	-19	4	2	-19	4	191
0.008667661132755633	2	-19	4	2	-18	4	191
0.097614738344574903	2	-19	4	2	-19	5	191
0.026243928593602028	2	-19	5	2	-20	5	191
0.013269816146188163	2	-20	5	2	-21	5	191
0.049109142833428265	2	-19	5	1	-19	5	191
0.11143632067533993	-1	-12	-2	-1	-13	-2	191
0.06880007645127062	-1	-13	-2	-1	-14	-2	192
0.019928272990638263	-1	-14	-2	-2	-14	-2	192
0.007729875394841379	-2	-14	-2	-2	-15	-2	192
0.09534501775281079	-1	-14	-2	-1	-15	-2	192
0.071555760297833615	-1	-15	-2	-1	-15	-3	192
0.035846843230539882	-1	-15	-3	-1	-16	-3	192
0.045206664823776777	-1	-15	-3	-1	-15	-4	192
0.027618897363909767	-1	-15	-4	-1	-16	-4	192
0.09375511440340567	-1	-16	-4	-2	-16	-4	192
0.044711839696995881	-2	-16	-4	-2	-15	-4	192
0.11155554302654203	16	-10	-2	17	-10	-2	192
0.11156761271567994	3	8	-3	2	8	-3	193
0.021772883230312345	2	8	-3	2	7	-3	194
0.11165934886113682	4	8	-3	4	9	-3	194
0.066838444806414543	4	9	-3	4	9	-2	195
0.080293129022527054	4	9	-2	4	10	-2	195
0.094829342819140905	4	9	-3	4	10	-3	195
0.012568672458108665	4	10	-3	4	11	-3	195
0.02396100657102096	4	11	-3	3	11	-3	195
0.054168526928183525	3	11	-3	3	11	-4	195
0.062863257952040286	3	11	-3	3	10	-3	195
0.050112167963703769	3	10	-3	3	10	-2	195
0.052204420048576061	3	10	-2	3	9	-2	195
0.046246016951347002	3	9	-2	2	9	-2	195
0.080970562310413108	3	11	-4	3	10	-4	195
7.0579736618725519e-05	3	10	-4	4	10	-4	195
0.084686825728720549	4	10	-4	5	10	-4	195
0.0050323314532025876	5	10	-4	6	10	-4	195
0.01863539810080006	6	10	-4	6	9	-4	195
0.035500113729316496	5	10	-4	5	11	-4	195
0.083272492686478294	6	10	-4	6	11	-4	195
0.080761490633840083	6	11	-4	6	11	-5	195
0.09535031567647323	5	11	-4	5	12	-4	195
0.10112357390666027	3	10	-2	2	10	-2	195
0.034713737859547678	2	10	-2	2	10	-3	196
0.091137605621382178	2	10	-2	2	11	-2	196
0.00041730030036379873	2	11	-2	2	12	-2	196
0.099456569088789415	2	10	-3	2	11	-3	196
0.10175941142022538	2	9	-2	2	8	-2	196
0.0023324037371326156	2	8	-2	2	7	-2	197
0.041335387879206209	2	8	-2	3	8	-2	197
0.061425455844000609	2	7	-2	3	7	-2	197
0.023805805250871614	3	7	-2	3	6	-2	197
0.10201894141265999	6	9	-4	6	8	-4	197
0.021301653050063152	6	8	-4	6	8	-3	198
0.074248993169413247	6	8	-4	6	7	-4	198
0.030002266833493607	6	7	-4	7	7	-4	198
0.086879979500443127	7	7	-4	7	6	-4	198
0.083889735738884141	7	6	-4	6	6	-4	198
0.09078379836769912	6	8	-3	6	7	-3	198
0.09766843600919195	6	8	-3	7	8	-3	198
0.0075874550862042867	7	8	-3	8	8	-3	198
0.035831229474107218	8	8	-3	8	7	-3	198
0.0044455058800290104	8	7	-3	8	6	-3	198
0.098811474524531206	6	7	-3	6	6	-3	198
0.10095492797295957	8	8	-3	8	9	-3	198
0.066876669480961937	8	9	-3	7	9	-3	199
0.040440025504018706	7	9	-3	7	9	-2	199
0.05274204500465185	7	9	-2	7	10	-2	199
0.025662731112149118	7	10	-2	7	10	-3	199
0.040925187571655641	7	10	-2	6	10	-2	199
0.081008056647768001	7	9	-3	6	9	-3	199
0.0060733757089694862	6	9	-3	6	10	-3	199
0.10185340257261277	7	10	-3	7	11	-3	199
0.081234562516636188	7	11	-3	7	12	-3	200
0.020683725183189949	7	12	-3	7	12	-4	200
0.052583489046678977	7	12	-4	7	11	-4	200
0.069883898187013571	7	12	-3	8	12	-3	200
0.06080668624482044	8	12	-3	9	12	-3	200
0.065896971382063185	8	12	-3	8	11	-3	200
0.0005996582454690369	8	11	-3	8	10	-3	200
0.087156471537622515	8	12	-3	8	13	-3	200
0.10046319339113996	7	12	-4	7	13	-4	200
0.023122871876800843	7	13	-4	7	13	-3	201
0.079227936092059359	7	13	-3	7	14	-3	201
0.090579627783929695	7	14	-3	6	14	-3	201
0.0026516039577479944	6	14	-3	6	14	-2	201
0.020552606496792691	6	14	-3	6	14	-4	201
0.0062426890695901349	6	14	-4	6	13	-4	201
0.015166058197763732	6	14	-4	6	15	-4	201
0.030268840649936735	6	14	-3	5	14	-3	201
0.032634134558208849	6	14	-3	6	13	-3	201
0.0001987206273188491	6	13	-3	6	12	-3	201
0.072641615747922827	6	14	-2	6	13	-2	201
