Radius of Gyration in time
0
1
1
1.24722
1.11803
1.4
1.49071
1.58436
1.71391
1.9245
2.02485
2.20255
2.43527
2.58122
2.7793
2.8441
2.82428
2.92229
2.88461
2.86105
2.86531
2.90203
2.96536
3.02229
3.11805
3.22019
3.33664
3.47201
3.50764
3.57042
3.60031
3.59153
3.57099
3.63535
3.7273
3.78817
3.87915
3.94891
4.00761
4.00493
4.06878
4.14067
4.21906
4.30201
4.40768
4.44694
4.51839
4.47264
4.43236
4.39402
4.36605
4.346
4.31892
4.30486
4.29678
4.27965
4.26453
4.2381
4.26235
4.25984
4.27376
4.29896
4.33772
4.35361
4.37667
4.40959
4.4546
4.44794
4.44857
4.48784
4.53719
4.52229
4.50664
4.48707
4.4919
4.50793
4.50288
4.49285
4.48102
4.46658
4.44786
4.44149
4.44532
4.46127
4.49098
4.52478
4.53017
4.55088
4.58604
4.60246
4.61918
4.6385
4.66252
4.68928
4.73016
4.77197
4.79162
4.84577
4.89345
4.9466
4.94763
4.96865
4.99517
5.00956
5.03885
5.05918
5.07047
5.08572
5.11296
5.14819
5.13705
5.1219
5.10986
5.09533
5.08606
5.07453
5.05799
5.06677
5.08494
5.10282
5.11371
5.13336
5.15578
5.18581
5.21472
5.23536
5.21539
5.19549
5.19801
5.20622
5.21609
5.22243
5.22902
5.24431
5.25812
5.27191
5.28707
5.30488
5.32563
5.34615
5.36567
5.39414
5.43301
5.47086
5.51892
5.5783
5.63577
5.6782
5.70939
5.75038
5.80169
5.86172
5.91979
5.94631
5.93057
5.91561
5.89851
5.91492
5.938
5.95859
5.98548
5.98135
6.03486
6.08863
6.15239
6.22641
6.30065
6.38504
6.43085
6.48572
6.54231
6.60801
6.68305
6.71111
6.73024
6.75203
6.77719
6.79933
6.8121
6.81856
6.82152
6.83123
6.83184
6.82921
6.83662
6.8495
6.85731
6.86032
6.87716
6.89936
6.92744
6.94731
6.97214
7.00179
7.03678
7.06758
7.07918
7.08648
7.09863
7.10535
7.12495
7.1604
7.20111
7.22885
7.27418
7.32426
7.35501
7.39136
7.42214
7.46107
7.50519
7.54257
7.58564
7.62279
7.65487
7.6971
7.73423
7.77868
7.8269
7.86715
7.90575
7.94921
7.98717
8.03151
8.07813
8.11632
8.15742
8.20444
8.25056
8.30332
8.36291
8.42951
8.48094
8.52368
8.56882
8.61674
8.67078
8.73135
8.7986
8.86731
8.91053
8.95092
8.98515
9.01682
9.04142
9.06709
9.0864
9.10803
9.12837
9.15417
9.16795
9.17633
9.18414
9.1966
9.19938
9.20212
9.20905
9.21629
9.22425
9.23662
9.24769
9.27505
9.30108
9.3204
9.3722
9.42056
9.46598
9.48153
9.50045
9.51899
9.54123
9.55548
9.56949
9.58718
9.59679
9.61184
9.63094
9.64987
9.66315
9.68188
9.72474
9.77295
9.81657
9.86223
9.91296
9.95971
10.0146
10.0748
10.1404
10.2117
10.2646
10.3226
10.3967
10.4764
10.5446
10.6045
10.661
10.7229
10.7752
10.8249
10.869
10.9108
10.946
10.9686
10.9934
11.0205
11.0431
11.0615
11.0827
11.1001
11.1182
11.1324
11.1438
11.1541
11.1669
11.1938
11.2245
11.2533
11.2776
11.2857
11.2912
11.2964
11.2993
11.3019
11.3072
11.3103
11.3162
11.3251
11.3357
11.3394
11.3511
11.3575
11.3636
11.3675
11.3696
11.3703
11.3689
11.3845
11.4028
11.4208
11.4417
11.462
11.4683
11.4824
11.4994
11.5195
11.537
11.5507
11.5724
11.5694
11.59
11.6131
11.6391
11.6584
11.6955
11.7309
11.7481
11.7612
11.7734
11.7818
11.7908
11.8018
11.8123
11.8225
11.8292
11.8426
11.8596
11.8765
11.8929
11.9055
11.9183
11.9303
11.9423
11.9475
11.9523
11.954
11.953
11.9494
11.9428
11.937
11.9286
11.9165
11.9033
11.8892
11.8759
11.8613
11.8466
11.8315
11.8175
11.8023
11.7903
11.787
11.8031
11.8144
11.8036
11.7915
11.7884
11.7848
11.7821
11.77
11.759
11.7599
11.761
11.7646
11.7629
11.7495
11.7358
11.7228
11.7322
11.7404
11.7514
11.7407
11.7526
11.7619
11.7757
11.7917
11.8099
11.8306
11.8484
11.8685
11.8908
11.913
11.935
11.9544
11.9713
11.9949
12.0208
12.0493
12.0748
12.1053
12.1384
12.1683
12.2009
12.2365
12.2743
12.3063
12.3356
12.368
12.4035
12.4329
12.4512
12.4657
12.4819
12.5006
12.5137
12.5312
12.5512
12.5759
12.5974
12.6119
12.6287
12.641
12.6515
12.6644
12.6757
12.6943
12.7109
12.7301
12.7476
12.7619
12.7748
12.7902
12.8043
12.8155
12.8278
12.8402
12.8512
12.8645
12.8805
12.8897
12.8975
12.904
12.9093
12.9205
12.9306
12.9344
12.9393
12.9526
12.9685
12.9804
12.9949
13.0084
13.0211
13.038
13.0498
13.0643
13.0735
13.0889
13.0997
13.1101
13.1233
13.1391
13.1521
13.1675
13.1829
13.2012
13.2133
13.2226
13.2321
13.2466
13.2529
13.2674
13.2785
13.2868
13.3045
13.3207
13.3394
13.3592
13.3803
13.404
13.4289
13.4552
13.4809
13.5093
13.5406
13.5611
13.5827
13.6003
13.6205
13.6395
13.6555
13.6686
13.6792
13.6938
13.7076
13.7246
13.7443
13.7631
13.7853
13.798
13.8191
13.8394
13.8591
13.8825
13.9099
13.9342
13.9555
13.9739
13.9892
14.0098
14.0272
14.0452
14.0658
14.0853
14.1083
14.134
14.1604
14.1818
14.2047
14.2285
14.2513
14.271
14.2964
14.3221
14.326
14.3299
14.3355
14.3407
14.3457
14.3486
14.3513
14.3521
14.3589
14.3615
14.366
14.3704
14.3768
14.3813
14.3861
14.3923
14.3986
14.4052
14.4135
14.4221
14.4221
14.424
14.4301
14.4358
14.4458
14.4581
14.4701
14.4818
14.4935
14.5027
14.5166
14.5302
14.5439
14.5578
14.5712
14.5802
14.5959
14.6117
14.6296
14.6471
14.6576
14.6684
14.6797
14.6914
14.7037
14.7137
14.7245
14.7361
14.745
14.7576
14.7714
14.7844
14.7989
14.8157
14.8329
14.8506
14.8658
14.8817
14.8929
14.905
14.918
14.931
14.9417
14.9552
14.9508
14.9464
14.9422
14.9368
14.9303
14.9235
14.9173
14.9122
14.9054
14.8997
14.894
14.8885
14.884
14.8784
14.8716
14.8657
14.8614
14.8572
14.8524
14.8635
14.8746
14.8876
14.9008
14.9133
14.9281
14.945
14.9594
14.9693
14.979
14.9886
15.0002
15.0076
15.0236
15.0242
15.0263
15.0299
15.0329
15.0375
15.0415
15.0428
15.0425
15.0448
15.0454
15.0472
15.0487
15.0521
15.0551
15.0579
15.0626
15.0674
15.0663
15.0844
15.1028
15.1215
15.1416
15.1611
15.1803
15.175
15.1755
15.1747
15.182
15.1912
15.199
15.2075
15.214
15.222
15.2327
15.2452
15.2562
15.2691
15.284
15.2973
15.3126
15.3298
15.3383
15.3435
15.3471
15.3633
15.3815
15.3991
15.4189
15.4408
15.4597
15.4818
15.5062
15.527
15.5472
15.5671
15.5845
15.6019
15.6168
15.6314
15.6438
15.6562
15.6783
15.6998
15.7121
15.7223
15.7364
15.7507
15.7628
15.7752
15.7906
15.808
15.8274
15.8502
15.8733
15.8986
15.9218
15.9473
15.975
16.0031
16.0262
16.0515
16.0814
16.1137
16.1484
16.1735
16.2083
16.2271
16.2464
16.2629
16.2943
16.3262
16.3603
16.3951
16.419
16.4436
16.4642
16.4843
16.5039
16.5262
16.548
16.5723
16.5961
16.6224
16.6489
16.6776
16.7041
16.7329
16.7562
16.7738
16.7891
16.8043
16.8193
16.8322
16.845
16.864
16.8826
16.9011
16.9174
16.9336
16.9496
16.9679
16.9881
17.0104
17.0323
17.0519
17.0734
17.0947
17.1137
17.1327
17.1536
17.1766
17.4864
