Invasion for: DEFAULT
5050
4950
4949
5049
5149
4849
5249
5248
4850
4851
4951
4952
5052
5053
5054
5055
5155
5156
5056
5157
5057
4957
4955
4956
4856
4756
4755
4855
4656
4655
4854
4954
4853
4754
4753
4752
4652
4653
4553
4554
4555
4654
4556
4456
4457
4458
4558
4557
4658
4758
4858
4958
4857
4757
4657
4357
4358
4359
4559
4560
4561
4659
4562
4563
4463
4464
4363
4662
4661
4761
4762
4663
4862
4863
4864
4963
4962
4861
4961
5061
4263
4262
4362
4163
4462
4261
4260
4360
4361
4461
4460
4459
4564
4664
4665
4765
4766
4666
4565
4764
4866
4865
4660
4763
4356
4355
4966
4965
4455
4454
4453
4353
4354
4162
4062
4063
4061
3961
4161
4060
3960
3860
3861
3859
3858
3958
4058
4057
4158
4157
4156
3959
4059
3857
3957
4760
4759
4859
4860
4960
5060
5059
5159
5160
5161
4959
5058
5256
5356
5355
5255
4750
4651
4551
4550
4450
4451
4552
4452
4449
4650
4064
4667
4767
4567
4566
4867
4967
4968
4254
4255
4155
4055
4054
4053
4154
3954
3854
4153
4152
4151
4252
4052
3953
3853
3753
3653
3754
4251
4351
4350
4349
3855
3856
3755
4253
3955
3956
4056
3752
3751
3651
3652
3552
3650
3852
3550
3549
3452
3451
3551
3952
3450
3350
4852
4348
4448
4548
4547
4549
4648
4647
4347
4346
4345
4344
4244
4245
4343
4443
4246
4247
4147
4148
4248
4146
4046
3946
4145
4045
4044
4144
4043
3649
3648
3748
3848
3948
3749
3849
3647
3646
3747
3847
3947
3846
3845
3844
3744
3944
3943
3942
3842
4042
4142
4141
4143
3843
3745
3746
3945
3743
3643
3742
3645
3644
3544
3543
3443
3444
3545
3344
3343
3342
3442
3542
3642
3441
3541
3341
3440
3340
3240
3339
3439
3239
3540
3238
3338
3138
3038
3137
3237
4243
4242
4241
4465
4466
4256
4257
4258
4259
3037
3036
2936
2937
2938
2837
2838
2836
2939
2839
2736
2636
2637
2735
2635
2638
2738
2536
2535
2534
2634
2737
2739
2740
2840
2841
2734
2834
2934
2933
2932
2835
2935
3035
3034
3033
3032
2833
2741
2940
2941
3040
3041
3141
3140
3241
3242
3142
3042
3139
3243
3244
2436
2435
2434
2336
2337
2334
2335
2235
2234
2233
2133
2237
2134
2333
2942
2842
2742
2743
2643
2644
2544
2545
2444
2344
2345
2445
2244
2245
2645
2446
2346
2144
2145
2347
2247
2147
2146
2046
1946
1945
2045
2646
2546
2647
2547
2548
2448
2747
2648
2449
2349
2350
2348
2746
2846
2946
2945
1947
2143
2744
2745
2845
2844
2843
2943
3043
3044
3144
3145
3045
3143
3146
3245
3246
3345
3346
3347
2944
2450
2550
2650
2651
2751
2851
2551
2852
2552
2752
2951
2950
2850
2750
3050
3051
3049
2949
2553
2453
2452
2653
2654
2451
2652
2753
2454
2354
2254
2455
2255
2154
2155
2055
2256
2456
1955
2156
2157
2057
2056
2158
1956
2257
2258
2259
2159
2059
2058
2457
2357
2356
2458
2459
2460
2559
2558
2659
2358
2560
2561
2661
2660
2760
2860
2859
2960
2761
2762
2662
2663
2664
2862
2764
2562
2563
2463
2564
2464
2462
2363
2364
2264
2265
2165
2166
2266
2267
2268
2366
2367
2467
2167
2368
2468
2469
2470
2471
2370
2371
2270
2269
2369
2372
2373
2168
2068
1968
1967
1868
1869
2067
2861
2961
3061
2271
2365
2465
2466
2355
2665
2765
2565
2164
2064
2065
1964
1965
1864
2163
1764
1763
1762
1662
1663
1664
2063
2062
2061
2161
2162
2262
2263
1865
1866
1766
1767
1966
1867
1667
1666
1665
1765
1567
1566
2566
2666
2667
2567
2568
2668
1563
1562
1462
1969
1970
1971
2069
2261
2570
2670
2770
2771
2571
2669
2569
2572
2472
2473
2768
2868
2968
2969
3069
2970
3068
3067
3066
3065
3070
3165
3166
2867
2767
3167
3267
3268
3368
3369
3370
3270
3469
3468
3269
3470
3570
3571
3169
3371
3271
3272
3064
3164
2964
2869
2769
2870
2871
2971
3071
3072
2972
3073
3074
3075
3076
2975
2875
2976
2977
2978
2878
2879
3077
3177
3277
3178
3377
3376
3276
2979
3179
3079
3080
3278
3175
3174
3274
3176
3378
3379
3479
3579
3478
3477
3078
3375
3374
3275
3180
3181
3081
3173
3273
3373
3473
3472
3471
3572
2877
2777
2776
2676
2675
2575
2576
2577
2674
2774
2775
2677
2678
3265
3365
3364
3363
3263
3264
3463
3464
3465
3563
3562
3662
3462
3569
3568
2679
2779
2780
2880
2881
2781
2681
2782
2682
2582
2581
2481
2480
2380
2381
2882
2982
2983
2981
2984
3084
3085
3184
2980
3185
2583
2985
2986
3082
2584
2684
2784
2484
2485
2385
2285
2585
2586
2685
2286
2486
2185
2184
2284
2283
2183
2282
2382
2182
2082
1982
1983
1883
1884
2081
1981
2281
1980
2080
2180
1880
1780
1984
1985
1986
2086
1885
1886
1887
1987
1786
1686
1687
1586
1486
1585
1485
1385
1386
1285
1584
1587
1487
1387
1588
1388
1288
1188
1187
1186
1185
1085
1084
1083
1088
1087
987
1086
887
988
888
889
989
788
1089
789
787
986
1589
1489
1590
1591
1592
1593
1286
2181
1488
2280
2279
1082
1182
1183
1184
1284
1283
1282
1181
1180
1080
980
1079
1179
880
780
879
878
978
977
1078
979
981
982
882
1081
779
778
679
579
976
975
876
776
877
777
1076
1075
1077
1177
1176
1175
1276
1275
1279
1274
1273
1173
1174
1172
1272
1171
1170
1071
1070
1069
1072
1068
969
968
967
1067
868
768
767
668
766
568
867
569
469
468
368
467
367
366
365
567
667
466
566
666
1066
966
866
865
864
964
1166
965
1167
1267
1168
669
769
869
1271
1065
970
781
681
1074
1277
665
1692
1691
1792
1791
1891
1991
1992
2091
2092
2192
2191
2292
1892
1893
1993
1793
1693
1790
1890
1889
1787
1788
1888
1988
3466
3366
3566
3567
3667
3767
3768
3867
3967
3966
3866
3766
3666
3665
3565
3765
