0.27328
0.301643
0.33078
0.363314
0.225777
0.246084
0.0728071
0.279771
0.211895
0.230934
0.400709
0.289247
0.427356
0.190303
0.482183
0.260606
0.0379674
0.299627
0.0828863
0.290646
0.489515
0.00405932
0.119663
0.408011
0.439509
0.455898
0.0271473
0.243681
0.126798
0.240897
0.345466
0.233922
0.367462
0.491861
0.126902
0.145409
0.312588
0.211875
0.13558
0.225122
0.22733
0.275794
0.196929
0.17534
0.219427
0.224189
0.167259
0.284018
0.22715
0.00611753
0.0797621
0.150366
0.00221335
0.0886424
0.19549
0.140718
0.0123251
0.0194601
0.288279
0.360671
0.277853
0.124502
0.277849
0.167685
0.313837
0.401539
0.434635
0.302625
0.282934
0.453592
0.0119493
0.205104
0.121749
0.494937
0.520302
0.375476
0.180038
0.125543
0.0497369
0.135171
0.168429
0.243393
0.257926
0.120586
0.0299524
0.195951
0.358873
0.0821582
0.230465
0.15401
0.364429
0.222305
0.40042
0.12965
0.0655607
0.228054
0.404477
0.0261254
0.113063
0.224602
0.236622
0.279995
0.020106
0.320852
0.428998
0.142736
0.455928
0.489837
0.265561
0.138113
0.00253129
0.0864902
0.156551
0.00614677
0.170421
0.0670331
0.206695
0.192256
0.0431709
0.183729
0.263579
0.294534
0.0331687
0.176122
0.361053
0.301471
0.350389
0.378997
0.38382
0.447765
0.448032
0.50241
0.127689
0.380088
0.226873
0.00295426
0.241617
0.409221
0.313342
0.343326
0.435065
0.182925
0.444116
0.528455
0.188391
0.0353774
0.219256
0.099933
0.353279
0.00375119
0.146744
0.137552
0.369114
0.0807082
0.152091
0.380264
0.386056
0.39355
0.0256819
0.0919983
0.20291
0.368349
0.0710753
0.1476
0.00294062
0.0285823
0.0158641
0.311087
0.334122
0.216596
0.358229
0.27667
0.376232
0.212815
0.0724642
0.0899926
0.371361
0.232125
0.0284654
0.252836
0.378594
0.179544
0.427468
0.300824
0.439961
0.121488
0.436123
0.208777
0.371139
0.267167
0.457998
0.466422
0.0022429
0.204885
0.147164
0.185385
0.24548
0.43043
0.0406411
0.0245017
0.0538327
0.315239
0.2107
0.158465
0.165004
0.0566139
0.20191
0.219357
0.10628
0.0768389
0.205731
0.292066
0.158567
0.229329
0.293228
0.0738202
0.240526
0.168887
0.190846
0.107249
0.199035
0.0802221
0.349385
0.359744
0.19491
0.344377
0.362027
0.367455
0.0271269
0.377529
0.411654
0.104721
0.0328035
0.124046
0.130814
0.173984
0.0141694
0.210747
0.307606
0.329985
0.36286
0.385769
0.405879
0.255216
0.403612
0.40703
0.293576
0.417572
0.423762
0.191686
0.424197
0.454815
0.22133
0.333194
0.239999
0.183122
0.185059
0.400835
0.115368
0.187406
0.0920237
0.175871
0.117905
0.0972618
0.0272367
0.128554
0.346975
0.209597
0.249721
0.0986619
0.360832
0.382283
0.129964
0.138549
0.173986
0.00384809
0.204776
0.129175
0.135368
0.200353
0.111391
0.0959186
0.219867
0.231423
0.0798721
0.243194
0.24692
0.114706
0.278886
0.295611
0.168754
0.38331
0.431818
0.228523
0.144215
0.354594
0.456218
0.0674406
0.0200751
0.158539
0.230885
0.358704
0.378873
0.112494
0.184485
0.0881144
0.140862
0.159957
0.285674
0.436576
0.126324
0.27965
0.297335
0.215504
0.348606
0.377279
0.190427
0.19287
0.216201
0.278266
0.33663
0.127812
0.360518
0.000733909
0.407233
0.0819202
0.449181
0.0593412
3.7357e-05
0.268982
0.384792
0.339957
0.232907
0.0258929
0.350899
0.14123
0.21303
0.325883
0.333871
0.00280706
0.141192
0.288097
0.0817047
0.15502
0.153827
0.0521841
0.193019
0.216088
0.112704
0.202406
0.122329
0.151878
0.240498
0.240555
0.272254
0.272646
0.223244
0.0113028
0.221587
0.223231
0.275488
0.105972
0.199737
0.306013
0.32549
0.361215
0.394152
0.399747
0.316213
0.348791
0.404685
0.232048
0.255581
0.000318485
0.458638
0.0415654
0.0677566
0.329355
0.348616
0.349627
0.0501454
0.241061
0.322809
0.276988
0.104806
0.170603
0.236723
0.0818359
0.155605
0.354635
0.175526
0.374988
0.188111
0.399306
0.212298
0.366111
0.0120092
0.28295
0.30461
0.0499275
0.0617922
0.0691748
0.0857946
0.0227068
0.105751
0.200824
0.252153
0.297427
0.301688
0.317899
0.0469671
0.0783911
0.261436
0.323274
0.163152
0.120443
0.32619
0.326191
0.173718
0.162563
0.117466
0.200154
0.326583
0.38824
0.333299
0.406825
0.407888
0.232871
0.0378996
0.019319
0.408435
0.0106617
0.13392
0.171313
0.300245
0.176953
0.376264
0.414242
0.211857
0.0969431
0.0221308
0.221347
0.195013
0.177499
0.368756
0.427604
0.298955
0.133497
0.145796
0.322967
0.341813
0.359568
0.428192
0.0443105
0.0818066
0.0314689
0.29066
0.431058
0.405273
0.0742654
0.312867
0.175496
0.205989
0.280531
0.336169
0.416902
0.205703
0.433333
0.110392
0.173237
0.104011
0.26319
0.411273
0.066224
0.0629747
0.121329
0.195614
0.222641
0.227819
0.268875
0.000261253
0.144414
0.135768
0.117672
0.212738
0.0647326
0.176722
0.24474
0.254882
0.0349169
0.119827
0.110765
0.141356
0.15223
0.00466061
0.165477
0.044254
0.167744
0.174004
0.17414
0.209985
0.233551
0.283855
0.350817
0.364791
0.370145
0.379205
0.0480546
0.218561
0.23323
0.275235
0.279121
0.132817
0.379391
0.322532
0.387254
0.433675
0.379579
0.172759
0.344688
0.438285
0.18563
0.368314
0.23492
0.0231502
0.0337397
0.122419
0.129965
0.167807
0.313168
0.19942
0.168675
0.11295
0.119269
0.292389
0.339747
0.228947
0.11319
0.286362
0.2907
0.372985
0.0160259
0.133992
0.242708
0.242171
0.101262
0.185148
0.198924
0.0235278
0.0503446
0.130587
0.184573
0.257832
0.262765
0.213234
0.179009
0.171637
0.299824
0.350646
0.00723887
0.364304
0.215944
0.287755
0.130815
0.227731
0.133816
0.123178
0.215275
0.152374
0.29575
0.347752
0.299925
0.364498
0.372008
0.144701
0.020926
0.390091
0.390861
0.392451
0.406052
0.384505
0.44639
0.350849
0.215363
0.290569
0.351425
0.34847
0.0808156
0.361416
0.411675
0.372307
0.0306786
0.266449
0.283035
0.150134
0.269404
0.297445
0.153541
0.261461
0.0342808
0.0435866
0.0871211
0.0309218
0.114097
0.32594
0.390393
0.314227
0.167564
0.0702982
0.411691
0.0575232
0.0626952
0.357827
0.0796972
0.442467
0.287555
0.446724
0.220124
0.450762
0.353803
0.0285144
0.077509
0.232699
0.00711913
0.0670773
0.268385
0.281651
0.0301348
0.28485
0.0750342
0.302191
0.405971
0.0790879
0.448487
0.451252
0.451939
0.160828
0.151461
0.260883
0.185411
0.399407
0.136971
0.174885
0.0463602
0.116203
0.15934
0.168652
0.212069
0.197639
0.296037
0.376444
0.441625
0.0713573
0.0401728
0.109629
0.20989
0.230873
0.253192
0.236432
0.253345
0.355761
0.0147957
0.199101
0.188567
0.246837
0.02516
0.0834602
0.158145
0.0823976
0.173986
0.0980243
0.114378
0.0369283
0.126469
0.243169
0.262388
0.0249911
0.0525492
0.220531
0.381398
0.428562
0.306907
0.360335
0.430775
0.29905
0.145439
0.300722
0.34172
0.377207
0.149532
0.168552
0.219063
0.0801001
0.270064
0.0815331
0.0921338
0.109232
0.0790829
0.124958
0.129665
0.0455411
0.0224737
0.108132
0.129639
0.0410838
0.141078
0.144558
0.162043
0.197685
0.110709
0.114069
0.12482
0.201096
0.223791
0.0742793
0.30997
0.00471658
0.27998
0.315411
0.318152
0.393584
0.0128387
0.14714
0.0177331
0.397816
0.184838
0.32396
0.401241
0.294502
0.0602098
0.380599
0.0844753
0.122779
0.288297
0.384442
0.39565
0.106313
0.38409
0.0463906
0.00743528
0.0165472
0.0866798
0.206288
0.219456
0.00268389
0.109999
0.16626
0.176429
0.136773
0.272032
0.404355
0.404878
0.286499
0.129343
0.358773
0.269645
0.17532
0.179439
0.357176
0.0527634
0.385757
0.405966
0.409838
0.378451
0.121424
0.226986
0.16746
0.414674
0.00960799
0.414701
0.420831
0.321289
0.0106988
0.0245953
0.387174
0.054843
0.0174673
0.323984
0.0404657
